13
83
183
189
285
290
296
298
363
436
442
443
445
447
485
694
709
714
718
720
723
724
725
726
728
732
770
860
863
913
975
1050
1248
1251
1252
1264
1265
1272
1274
1277
1278
1283
1403
1444
1559
1566
1665
1666
1710
1749
1770
1774
1782
1914
1917
2039
2040
2049
2057
2265
2293
2299
2301
2305
2306
2308
2309
2311
2312
2316
2318
2333
2335
2336
2341
2342
2343
2344
2348
2350
2351
2354
2357
2358
2360
2361
2365
2369
2372
2375
2386
2399
2400
2405
2414
2420
2436
2441
2456
2460
2474
2494
2495
2501
2572
2596
2654
2656
2662
2672
2676
2875
2910
2912
2921
2923
2930
2936
2992
3241
3275
3481
3522
3541
3544
3560
3571
3574
3582
3586
3587
3710
3717
3756
3761
3762
3770
3771
3775
3781
3879
3894
3941
3946
4127
4129
4133
4264
4274
4286
4287
4367
4372
4377
4378
4392
4411
4414
4422
4507
4517
4520
4524
4528
4538
4548
4550
4553
4554
4561
4565
4568
4702
4871
4873
4880
4885
4934
4977
5015
5023
5037
5066
5079
5117
5122
5168
5354
5371
5377
5392
5456
5773
5875
5881
5889
5940
6050
6057
6076
6080
6082
6083
6085
6087
6088
6090
6091
6096
6097
6101
6171
6180
6201
6210
6218
6390
6466
6497
6639
6644
6683
6699
6727
6738
6739
7104
7110
7111
7113
7125
7127
7130
7136
7139
7143
7157
7158
7161
7162
7164
7167
7168
7170
7173
7174
7175
7181
7182
7183
7184
7185
7189
7197
7204
7215
7218
7224
7225
7234
7239
7251
7263
7264
7268
7280
7286
7290
7292
7294
7295
7297
7300
7305
7306
7307
7308
7315
7317
7323
7325
7326
7328
7330
7333
7338
7339
7341
7342
7344
7349
7365
7368
7375
7379
7396
7406
7407
7471
7534
7539
7548
7644
7651
7685
7751
7767
7775
7777
7786
7794
7804
7805
7806
7812
7817
7832
7849
7915
7927
7958
8344
8638
8642
8643
8646
8648
8649
8650
8652
8654
8655
8657
8658
8659
8660
8661
8663
8665
8669
8671
8673
8695
8698
8702
8704
8707
8711
8714
8715
8717
8718
8721
8731
8735
8737
8739
8740
8743
8745
8748
8751
8764
8767
8769
8770
8773
8775
8963
8982
8987
8998
9006
9012
9013
9014
9024
9025
9026
9029
9031
9047
9054
9060
9066
9069
9084
9086
9110
9118
9131
9132
9135
9136
9137
9138
9142
9153
9164
9166
9168
9169
9177
9183
9188
9190
9201
9202
9208
9217
9222
9224
9231
9238
9244
9250
9257
9258
9261
9269
9272
9281
9290
9297
9301
9302
9313
9323
9344
9444
9445
9453
9458
9481
9483
9491
9494
9502
9508
9510
9513
9514
9531
9532
9537
9540
9548
9553
9561
9616
9846
9865
9867
9875
10092
10096
10275
10299
10311
10313
10315
10317
10329
10336
10429
10512
10521
10525
10546
10552
10555
10560
10567
10568
10575
10577
10584
10596
10658
10671
10681
10683
10689
10703
10708
10709
10710
10712
10726
10729
10742
10745
10994
11210
11545
11575
11600
11619
11879
11895
11944
11949
11968
12025
12035
12037
12039
12044
12047
12138
12144
12151
12152
12156
12159
12167
12181
12182
12206
12218
12272
12284
12290
12521
12584
12756
12772
12787
12794
12797
12822
12827
12835
12836
12837
12854
12865
12875
12878
12885
12886
12888
12900
12963
12968
12973
12976
13273
13409
13437
13506
13510
13514
13579
13582
13587
14117
14140
14149
14150
14152
14156
14161
14162
14166
14169
14171
14173
14174
14178
14179
14181
14183
14184
14185
14186
14191
14195
14197
14200
14201
14208
14214
14220
14224
14225
14227
14229
14232
14238
14245
14248
14249
14259
14262
14263
14265
14266
14269
14276
14277
14364
14420
14425
14450
14456
14458
14460
14464
14469
14562
14566
14577
14594
14599
14601
14604
14605
14609
14634
14652
14662
14663
14669
14686
14692
14698
14705
14713
14715
15337
15345
15348
15349
15360
15364
15371
15377
15382
15385
15391
15395
15397
15400
15401
15407
15413
15417
15421
15426
15427
15428
15435
15436
15438
15439
15440
15443
15444
15448
15449
15450
15451
15462
15463
15465
15466
15468
15475
15476
15477
15481
15482
15483
15486
15491
15494
15497
15499
15500
15511
15512
15517
15518
15549
15595
15736
15737
15741
15742
15773
15778
15784
15796
15799
15803
15809
15818
15835
15846
15968
15972
15975
15980
15984
15986
15991
16002
16005
16016
16029
16034
16035
16073
16130
16136
16153
16157
16158
16181
16191
16416
16419
16474
16522
16659
16669
16672
16674
16679
16680
16681
16683
16695
16696
16698
16699
16700
16701
16703
16706
16710
16712
16714
16718
16720
16721
16727
16728
16739
16743
16744
16746
16758
16763
16770
16771
16785
16795
16799
16801
16808
16820
16827
16830
16833
16838
16839
16840
16844
16849
16850
16852
16856
16859
16860
16863
16866
16871
16916
16919
16922
17015
17032
17033
17043
17055
17175
17176
17249
17257
17266
17293
17294
17309
17320
17321
17382
17392
17403
17404
17411
17413
17414
17415
17417
17419
17427
17434
17435
17437
17463
17464
17468
17477
17557
17627
17632
17633
17638
17651
18109
18110
18114
18118
18133
18141
18161
18162
18166
18168
18170
18171
18175
18177
18178
18179
18180
18183
18188
18190
18191
18198
18202
18203
18204
18207
18213
18216
18217
18219
18220
18221
18229
18230
18237
18241
18243
18248
18338
18347
18845
18854
18956
19011
19022
19031
19383
19396
19400
19408
19409
19410
19418
19420
19424
19427
19436
19446
19447
19448
19449
19451
19452
19454
19457
19461
19463
19464
19465
19467
19468
19469
19470
19471
19472
19473
19475
19476
19477
19480
19482
19486
19487
19494
19497
19499
19501
19505
19507
19513
19514
19548
19554
19557
19589
19590
19636
19690
19768
19806
19814
19926
19930
19937
19939
19942
19979
19981
19989
20119
20458
20483
20523
20525
20526
20529
20531
20554
20618
20626
20633
20635
20638
20639
20643
20645
20646
20647
20649
20650
20699
20700
20705
20741
20813
20945
20950
20955
20991
21000
21002
21006
21050
21062
21063
21122
21130
21131
21133
21140
21144
21156
21157
21165
21173
21181
21184
21263
21268
21270
21272
21307
21474
21724
21738
21739
21744
21823
21824
21830
21835
21840
21880
21901
21903
21905
21911
21912
21915
21919
21927
21940
21961
22099
22107
22125
22194
22216
22241
22248
22302
22307
22308
22320
22323
22329
22334
22431
22449
22453
22466
22472
22478
22482
22504
22505
22690
22799
22809
22829
22911
22920
23126
23127
23134
23136
23138
23140
23142
23146
23152
23154
23155
23159
23164
23169
23328
23333
23335
23338
23341
23353
23396
23398
23403
23413
23426
23444
23448
23455
23456
23497
23511
23516
23722
23728
23808
23816
23817
23826
23828
23842
23933
23967
23970
24323
24324
24343
24347
24348
24356
24360
24361
24362
24364
24368
24679
24960
25204
25220
25224
25228
25233
25240
25242
25245
25246
25248
25250
25251
25255
25256
25257
25258
25260
25262
25272
25275
25277
25279
25282
25300
25304
25306
25320
25325
25333
25340
25346
25352
25379
25381
25382
25384
25385
25389
25392
25394
25396
25398
25402
25403
25404
25405
25406
25407
25409
25412
25413
25416
25422
25424
25426
25429
25492
25498
25511
25520
25525
25526
25527
25529
25530
25534
25586
25598
25609
25661
25690
25710
25723
25892
26031
26043
26059
26085
26088
26100
26102
26108
26180
26244
26246
26314
26335
26339
26350
26369
26376
26378
26394
26415
26500
26503
26514
26517
26548
26660
26668
26671
26938
26944
26946
26948
26958
26968
26973
26974
26978
26980
26984
26989
26990
26991
26993
26994
27003
27010
27011
27015
27017
27019
27020
27025
27026
27028
27030
27034
27037
27041
27043
27046
27054
27056
27058
27070
27075
27082
27083
27087
27088
27093
27096
27097
27098
27101
27108
27110
27111
27115
27124
27137
27139
27143
27145
27150
27153
27158
27172
27175
27192
27218
27249
27265
27273
27275
27279
27280
27283
27284
27294
27295
27327
27338
27339
27504
27508
27515
27655
27722
27724
27728
27744
27747
27754
27757
27762
27770
27788
27789
27795
27802
27803
27851
27854
27868
27872
27880
27882
27899
27906
27916
27924
28026
28053
28084
28423
28438
28469
28474
28489
28490
28492
28493
28494
28495
28496
28500
28504
28508
28509
28510
28511
28512
28514
28515
28524
28533
28541
28542
28550
28552
28559
28560
28562
28607
28624
28681
28704
28755
28760
28766
28920
28971
28979
28983
28984
28988
28989
28991
29053
29058
29070
29074
29142
29153
29160
29164
29167
29168
29182
29183
29188
29192
29210
29216
29217
29290
29308
29330
29333
29337
29341
29355
29450
29707
29785
29837
29926
29928
29930
29933
29934
29935
29936
30075
30076
30083
30084
30091
30094
30096
30100
30103
30127
30143
30157
30175
30176
30177
30189
30191
30203
30244
30273
30597
30617
30756
30766
30776
30779
31163
31166
31169
31174
31177
31185
31196
31197
31199
31208
31214
31219
31220
31225
31230
31253
31257
31259
31264
31267
31268
31274
31277
31278
31285
31288
31290
31291
31294
31295
31300
31301
31303
31304
31306
31308
31311
31316
31317
31319
31325
31329
31331
31335
31342
31346
31348
31386
31438
31439
31440
31635
31654
31658
31659
31721
31873
31880
31977
31986
31989
31995
32001
32004
32035
32129
32138
32144
32149
32156
32157
32158
32159
32161
32162
32165
32166
32171
32172
32175
32176
32177
32178
32179
32181
32182
32188
32198
32199
32206
32208
32211
32213
32218
32219
32222
32224
32225
32226
32227
32237
32242
32243
32250
32254
32259
32260
32262
32263
32266
32267
32268
32269
32277
32280
32281
32283
32287
32288
32289
32292
32300
32302
32303
32304
32305
32308
32310
32311
32313
32316
32317
32318
32320
32322
32323
32334
32345
32346
32349
32406
32429
32438
32447
32455
32495
32501
32504
32507
32510
32547
32735
32744
32752
32779
32782
32787
32789
32793
32796
32806
32884
33013
33018
33023
33024
33028
33029
33030
33031
33036
33048
33056
33057
33064
33065
33087
33151
33308
33318
33330
33436
33437
33448
33449
33463
33467
33468
33473
33475
33479
33488
33495
33549
33732
33739
33757
33758
33802
33804
33811
33816
34040
34069
34091
34114
34152
34608
34622
34634
34638
34641
34644
34645
34646
34663
34669
34677
34680
34691
34692
34701
34704
34727
34731
34732
34737
34741
34746
34754
34759
34764
34767
34768
34775
34781
34784
34786
34789
34792
34793
34796
34801
34804
34807
34809
34812
34814
34821
34823
34839
34864
34871
34878
34890
34894
34916
34918
34923
34926
34997
35035
35057
35170
35177
35192
35199
35296
35310
35313
35418
35459
35466
35492
35500
35517
35519
35744
35835
35955
35963
35965
35968
35970
35982
35984
35986
35989
35990
35994
35998
36000
36004
36005
36023
36079
36129
36148
36155
36245
36404
36405
36439
36440
36472
36486
36883
36914
36915
36961
36977
37012
37018
37022
37077
37087
37102
37135
37153
37178
37179
37190
37196
37200
37210
37253
37314
37326
37328
37335
37409
37419
37424
37427
37432
37434
37436
37440
37445
37456
37465
37468
37470
37474
37487
37609
37613
37709
37744
37747
37767
37770
37772
37775
37776
37780
37783
37785
37787
37790
37795
37807
37864
37883
37904
37926
37931
37932
37947
37949
37961
37988
37993
38006
38024
38025
38029
38032
38033
38037
38044
38046
38047
38049
38062
38066
38070
38091
38104
38124
38137
38146
38364
38380
38401
38402
38410
38415
38452
38456
38457
38461
38462
38539
38649
38807
38885
38932
38939
38949
38974
38981
38983
38996
39035
39057
39064
39075
39122
39132
39135
39170
39174
39332
39339
39398
39455
39456
39535
39545
39550
39568
39572
39573
39577
39579
39591
39595
39606
39632
39656
39722
39735
39761
39768
39777
39782
40158
40162
40185
40208
40219
40224
40238
40241
40242
40246
40255
40257
40273
40278
40294
40303
40304
40360
40364
40513
40530
40543
40553
40557
40559
40593
40678
40797
40805
40812
40821
40830
40837
40843
40844
40940
40945
41245
41250
41251
41303
41305
41309
41312
41315
41321
41339
41349
41351
41352
41354
41362
41363
41365
41367
41374
41378
41416
41420
41431
41432
41445
41453
41525
41562
41696
41703
41707
41732
41744
41837
41880
41885
41889
41897
41899
41951
41958
41960
41968
41978
41979
41981
41982
41984
41999
42031
42127
42131
42138
42149
42174
42177
42196
42208
42524
42538
42560
42561
42563
42593
42615
42619
42624
42625
42629
42664
42669
42674
42676
42732
42733
42738
42743
42744
42753
42949
43070
43074
43124
43174
43175
43181
43189
43195
43198
43206
43216
43218
43219
43231
43248
43254
43266
43267
43296
43349
43350
43380
43388
43390
43391
43392
43396
43398
43412
43422
43827
43909
43911
43912
43959
43962
44155
44165
44182
44186
44189
44192
44196
44204
44207
44208
44236
44237
44263
44342
44353
44355
44371
44422
44424
44433
44627
44802
44865
44901
44904
44910
44918
44971
44989
45003
45005
45006
45008
45046
45226
45232
45235
45238
45248
45260
45265
45268
45273
45275
45421
45426
45429
45510
45517
45776
45899
45942
45956
45970
45985
46011
46195
46214
46221
46227
46253
46256
46262
46346
46347
46353
46359
46364
46438
46450
46454
46458
46463
46468
46478
46482
46485
46486
46488
46491
46493
46497
46499
46502
46518
46526
46629
46642
46648
46654
46674
46682
46784
46993
47019
47161
47191
47197
47198
47202
47206
47319
47325
47329
47333
47335
47342
47716
47792
47799
47825
47828
47830
47834
48147
48169
48171
48175
48184
48345
48354
48371
48373
48374
48380
48385
48480
48712
48713
48716
48717
48720
48721
48726
48727
48736
48738
48745
48747
48761
48763
48767
48772
48795
48797
48798
48801
48815
48817
48829
48830
48835
48837
48839
48842
48847
48849
48851
48852
48860
48902
48905
48913
48914
48915
48920
48925
48964
49017
49150
49154
49165
49325
49392
49418
49521
49529
49534
49566
49683
49714
49717
49722
49725
49728
49733
49737
49867
49877
49889
49890
49899
49906
49907
49908
49912
49917
49929
49931
49934
49936
49938
49951
49959
49977
49995
50006
50018
50038
50040
50053
50075
50121
50137
50188
50251
50420
50472
50532
50539
50540
50550
50560
50568
50578
50580
50588
50589
50590
50599
50615
50617
50622
50634
50643
50647
50657
50663
50669
50676
50678
50780
50926
50963
51004
51011
51013
51016
51022
51030
51037
51038
51041
51046
51052
51053
51056
51134
51144
51148
51159
51266
51268
51354
51443
51481
51569
51619
51625
51630
51634
51641
51667
51675
51703
51709
51710
51715
51718
51721
51722
51732
51964
52058
52096
52119
52122
52125
52135
52231
52242
52367
52377
52409
52448
52451
52453
52470
52472
52485
52488
52489
52490
52491
52494
52496
52504
52507
52534
52538
52592
52602
52611
53092
53109
53113
53118
53131
53146
53154
53197
53200
53212
53213
53249
53255
53258
53270
53271
53278
53296
53306
53322
53323
53329
53340
53416
53457
53464
53519
53521
53522
53523
53574
53700
53725
53728
53733
53741
53747
53823
54014
54033
54047
54050
54055
54098
54220
54232
54233
54316
54351
54381
54389
54390
54394
54397
54404
54428
54433
54445
54456
54458
54466
54469
54478
54480
54490
54491
54494
54497
54502
54516
54564
54579
54589
54596
54598
54611
54615
54617
54732
54733
54736
54739
54754
54758
54767
54772
54785
54787
54795
54801
54808
54815
54820
54824
54832
54838
54847
54857
54881
55256
55266
55275
55305
55374
55416
55421
55441
55465
55469
55481
55482
55491
55501
55530
55535
55545
55553
55557
55585
55591
55656
55661
55662
55669
55671
55672
55681
55686
55687
55696
55781
55790
55791
55793
55795
55797
55798
55835
55979
56046
56066
56180
56309
56310
56408
56419
56568
56575
56576
56579
56585
56594
56601
56636
56649
56662
56841
56908
56910
56912
57192
57196
57205
57207
57208
57214
57431
57440
57450
57482
57492
57494
57499
57502
57514
57585
57617
57712
57753
57882
58022
58026
58054
58084
58088
58093
58103
58112
58114
58133
58158
58218
58250
58254
58258
58266
58277
58525
58531
58550
58563
58622
58624
58635
58642
58650
58656
58657
58679
58705
58787
58899
58903
58999
59014
59033
59041
59055
59059
59088
59112
59118
59120
59173
59184
59187
59202
59325
59399
59400
59403
59408
59419
59432
59439
59440
59457
59466
59540
59584
59608
59612
59622
59643
59676
59695
59734
59735
59753
60200
60290
60400
60414
60425
60437
60440
60688
60716
60737
60776
60780
60782
60784
60792
60807
60818
60820
60823
60844
60858
60859
60863
60866
60874
60898
60907
60917
60923
60970
60979
60981
60990
61002
61309
61352
61356
61358
61380
61411
61497
61501
61506
61509
61515
61520
61532
61863
61871
61873
61894
61905
61911
61946
61959
62026
62042
62047
62048
62376
62390
62393
62400
62433
62434
62496
62564
62591
62600
62603
62606
62607
62660
62716
62725
62745
62776
62778
62829
62834
62840
62847
62852
62862
62878
62883
62891
62922
62923
62928
62938
62944
62986
62997
63133
63154
63155
63170
63379
63386
63397
63405
63407
63414
63415
63421
63422
63430
63434
63441
63443
63453
63536
63538
63545
63552
63557
63565
63567
63580
63585
63589
63593
63596
63604
63627
63722
63786
63794
63805
64057
64073
64110
64112
64155
64315
64340
64342
64349
64350
64351
64494
64501
64508
64515
64519
64837
64860
64862
64869
64883
64895
64969
64986
65022
65065
65104
65114
65115
65150
65166
65167
65172
65173
65181
65211
65222
65230
65392
65395
65411
65432
65443
65445
65447
65449
65455
65461
65462
65466
65511
65538
65539
65545
65554
65555
65557
65558
65579
65596
65672
65682
65774
65776
65794
65820
65961
65973
66066
66083
66100
66118
66123
66128
66145
66151
66152
66155
66159
66220
66226
66330
66337
66342
66345
66349
66356
66363
66380
66383
66390
66392
66398
66399
66400
66402
66407
66483
66495
66515
66520
66532
66570
66576
66577
66583
66584
66613
66633
66706
66989
67015
67039
67057
67163
67191
67311
67318
67325
67328
67337
67381
67385
67388
67392
67401
67402
67412
67417
67422
67425
67428
67441
67459
67461
67463
67473
67526
67535
67541
67631
67632
67676
67714
67762
67877
67885
67902
67904
67918
68065
68087
68095
68098
68108
68118
68138
68200
68258
68260
68278
68336
68388
68419
68508
68513
68524
68536
68538
68568
68570
68581
68812
68823
68831
68949
69017
69019
69073
69080
69085
69092
69102
69110
69116
69117
69138
69139
69145
69215
69387
69396
69406
69411
69414
69496
69506
69510
69514
69518
69519
69595
69596
69603
69617
69620
69622
69629
69635
69641
69703
69716
69728
69734
69735
69737
69740
69745
69750
69753
69770
69943
69963
69964
69975
69988
69993
69996
69998
70001
70009
70012
70018
70023
70031
70034
70035
70043
70051
70052
70056
70060
70065
70066
70085
70087
70089
70090
70093
70094
70099
70107
70109
70111
70112
70113
70115
70116
70118
70119
70122
70123
70130
70131
70139
70140
70141
70145
70146
70153
70154
70156
70160
70161
70162
70165
70166
70173
70273
70275
70278
70331
70353
70358
70363
70373
70380
70381
70390
70416
70860
70881
70882
70885
70889
70895
70902
70908
70910
70912
70915
70923
70924
70928
70930
70931
70932
70933
70934
70936
70938
70941
70943
70944
70947
70951
70953
70960
70976
70979
70980
70984
70993
70997
70999
71002
71008
71014
71016
71018
71019
71044
71045
71079
71146
71148
71152
71157
71164
71220
71244
71245
71247
71252
71338
71443
71455
71458
71459
71463
71467
71475
71495
71497
71522
71552
71553
71571
71584
71591
71594
71604
71726
71731
71732
71733
71772
71789
71798
72054
72058
72059
72060
72066
72067
72071
72074
72075
72076
72085
72147
72163
72202
72208
72215
72220
72256
72336
72611
72662
72678
72682
72683
72685
72687
72693
72695
72697
72703
72706
72709
72711
72715
72724
72730
72732
72736
72742
72783
72785
72794
72810
72817
72819
72860
72890
72921
73099
73197
73284
73345
73353
73468
73475
73477
73479
73482
73483
73489
73490
73493
73496
73499
73500
73505
73507
73509
73510
73517
73521
73525
73527
73530
73545
73546
73614
73787
73788
73793
73797
73808
73809
73812
73813
73815
73816
73817
73821
73823
73824
73826
73827
73828
73829
73830
73832
73833
73834
73849
73854
73859
73873
73875
73879
73884
73892
73896
73900
73901
73902
73907
73911
73920
73929
73959
73973
73991
74018
74030
74095
74176
74190
74194
74211
74213
74216
74218
74229
74237
74243
74246
74247
74248
74251
74253
74255
74256
74259
74267
74294
74295
74296
74297
74298
74299
74300
74302
74304
74306
74310
74314
74315
74316
74318
74320
74323
74325
74326
74331
74334
74335
74337
74339
74340
74342
74343
74345
74346
74352
74353
74368
74369
74370
74373
74374
74375
74378
74379
74381
74383
74389
74390
74440
74447
74486
74532
74593
74650
74654
74655
74664
74668
74672
74673
74674
74676
74751
74798
74804
74836
74916
74919
74920
74922
74923
74931
74941
74958
74961
74962
74964
74969
74971
74973
74977
74980
74981
74982
74983
74984
74985
74988
74994
74998
74999
75000
75001
75003
75005
75006
75008
75010
75012
75013
75026
75030
75040
75041
75046
75052
75055
75059
75061
75062
75063
75064
75067
75069
75070
75073
75074
75075
75082
75087
75094
75096
75098
75104
75106
75109
75119
75151
75179
75183
75190
75208
75218
75220
75225
75228
75269
75375
75424
75430
75438
75444
75450
75456
75472
75477
75482
75495
75498
75499
75501
75505
75509
75548
75575
75576
75577
75621
75625
75690
75733
75752
75757
75764
75766
75769
75775
75795
75804
75806
75809
75814
75821
75834
75835
75839
75867
75868
75907
76173
76258
76260
76290
76297
76298
76300
76302
76309
76311
76314
76316
76318
76319
76328
76329
76333
76338
76340
76346
76347
76353
76354
76356
76361
76365
76376
76381
76382
76385
76390
76391
76395
76397
76404
76407
76431
76474
76475
76477
76478
76480
76482
76485
76489
76502
76503
76505
76507
76515
76527
76579
76619
76639
76640
76645
76649
76652
76654
76656
76698
76722
76725
76746
76760
76770
76887
76889
76891
76893
76895
76896
76898
76899
76900
76906
76907
76909
76911
76912
76914
76915
76926
76928
76931
76936
76939
76941
76943
76944
76946
76947
76949
76952
76954
76956
76957
76958
76959
76965
76973
76976
76981
76982
76986
77000
77006
77007
77010
77014
77029
77039
77041
77042
77044
77045
77046
77050
77052
77053
77054
77055
77058
77069
77070
77071
77076
77088
77089
77094
77109
77110
77123
77186
77188
77218
77242
77319
77330
77332
77336
77341
77342
77343
77349
77351
77352
77420
77495
77524
77580
77603
77606
77607
77609
77611
77613
77620
77623
77624
77626
77671
77680
77696
77720
77736
77775
77833
77843
77850
77853
77856
77857
77860
77874
77938
77943
77961
77981
78007
78025
78033
78041
78213
78216
78222
78228
78229
78230
78233
78236
78237
78239
78241
78243
78244
78245
78247
78248
78253
78344
78363
78476
78483
78529
78530
78580
78598
78600
78608
78614
78616
78665
78666
78759
78805
78834
78886
78889
78890
78891
78940
79099
79176
79185
79209
79213
79216
79287
79295
79298
79306
79311
79340
79341
79344
79364
79432
79461
79463
79513
79706
79715
79720
79729
79731
79739
79881
79882
79884
79890
79898
79935
79941
79944
79946
79949
79966
80179
80185
80301
80326
80330
80341
80349
80368
80371
80377
80383
80454
80465
80469
80471
80754
80761
80908
80916
80928
80938
80980
80986
80990
81004
81005
81019
81025
81030
81039
81041
81051
81073
81097
81106
81110
81123
81156
81181
81190
81210
81538
81547
81554
81580
81695
81736
81739
81769
81801
81803
81806
81810
81811
81842
81846
81857
81990
82019
82027
82039
82040
82042
82066
82069
82071
82073
82078
82085
82092
82093
82094
82105
82115
82122
82127
82155
82169
82182
82188
82190
82192
82196
82201
82204
82211
82219
82289
82290
82293
82298
82312
82339
82476
82482
82485
82487
82498
82503
82542
82549
82657
82753
82768
82780
82789
82793
82861
82894
83021
83026
83031
83034
83049
83054
83067
83080
83082
83084
83143
83151
83301
83346
83353
83357
83368
83477
83510
83534
83549
83557
83562
83569
83588
83591
83624
83634
83810
83829
83831
83842
83848
83855
83858
83885
83901
83910
83911
83960
83971
83982
83995
84072
84073
84075
84365
84367
84370
84375
84381
84460
84492
84518
84549
84554
84557
84798
84806
84811
84814
84815
84872
85104
85117
85126
85146
85150
85154
85167
85173
85181
85192
85208
85210
85214
85237
85240
85244
85410
85458
85461
85474
85475
85481
85674
85683
85685
85702
85706
85753
85754
85757
85759
85783
85801
85809
85818
85824
85839
85842
85843
85924
85926
85944
85975
86071
86186
86220
86355
86356
86393
86425
86436
86450
86462
86648
86700
86701
86706
86711
86712
86714
86716
86717
86727
86728
86770
86791
86792
86808
86812
86813
86823
86827
86837
86845
86850
86852
86857
86864
86865
86897
86910
86912
86916
86922
86924
86935
87004
87005
87008
87012
87025
87034
87265
87270
87300
87306
87435
87608
87609
87662
87664
87673
87677
87682
87685
87690
87751
87756
87767
87794
87803
87956
88025
88106
88115
88122
88201
88269
88283
88296
88299
88307
88309
88435
88439
88471
88499
88509
88657
88664
88666
88910
88928
88940
88946
88948
88950
88954
88958
88959
89021
89024
89025
89026
89028
89029
89033
89038
89039
89089
89090
89097
89104
89107
89112
89118
89129
89136
89191
89213
89221
89226
89248
89610
89621
89634
89639
89640
89642
89645
89646
89648
89654
89655
89656
89658
89660
89670
89671
89677
89681
89687
89688
89705
89709
89711
89717
89732
89735
89739
89741
89743
89759
89761
89765
89767
89817
89842
89930
90024
90090
90095
90109
90110
90112
90467
90469
90473
90481
90482
90484
90485
90491
90497
90498
90503
90505
90506
90508
90512
90513
90514
90516
90521
90522
90523
90524
90525
90526
90527
90528
90531
90535
90539
90544
90546
90547
90550
90552
90555
90559
90564
90565
90568
90569
90571
90580
90583
90584
90585
90591
90592
90595
90597
90607
90609
90611
90617
90622
90625
90634
90639
90645
90647
90649
90650
90652
90654
90659
90665
90666
90667
90669
90670
90671
90672
90674
90675
90681
90691
90699
90700
90702
90706
90711
90712
90724
90726
90742
90746
90747
90750
90753
90754
90758
90772
90829
90833
90844
90847
91049
91054
91095
91111
91162
91166
91173
91297
91335
91395
91403
91406
91407
91414
91434
91447
91454
91522
91576
91580
91581
91582
91583
91587
91588
91593
91596
91599
91609
91641
91663
91665
91667
91681
91689
91693
91714
91741
91751
91760
92090
92108
92117
92123
92132
92139
92140
92142
92144
92146
92151
92152
92155
92161
92164
92168
92169
92171
92172
92174
92176
92181
92187
92194
92195
92197
92201
92203
92204
92210
92223
92224
92227
92234
92236
92238
92243
92244
92246
92249
92252
92253
92257
92258
92259
92261
92263
92275
92278
92286
92289
92292
92298
92302
92311
92313
92375
92388
92389
92394
92466
92508
92514
92583
92585
92594
92595
92597
92604
92610
92615
92629
92644
92652
92655
92661
92662
92678
92680
92690
92693
92722
92755
92918
92919
93032
93089
93101
93193
93222
93226
93230
93233
93235
93237
93240
93243
93244
93248
93257
93331
93353
93359
93360
93362
93364
93370
93407
93432
93441
93455
93460
93462
93471
93472
93517
93595
93605
93737
93783
93785
93800
93812
93833
93834
93843
93975
93980
94043
94054
94056
94062
94068
94069
94072
94088
94095
94098
94117
94120
94140
94513
94520
94521
94524
94531
94534
94536
94537
94538
94540
94541
94546
94550
94553
94555
94560
94561
94563
94566
94568
94572
94573
94582
94583
94606
94608
94616
94619
94627
94630
94631
94633
94643
94651
94652
94655
94659
94662
94664
94669
94678
94685
94688
94693
94698
94703
94704
94706
94709
94711
94712
94715
94716
94723
94724
94725
94730
94731
94736
94743
94747
94748
94752
94756
94759
94761
94767
94772
94802
94848
94850
94851
94853
94856
94858
94859
94861
94862
94864
94866
94921
94926
95062
95069
95083
95086
95093
95094
95095
95097
95098
95099
95100
95102
95103
95104
95105
95108
95109
95115
95120
95125
95129
95133
95134
95137
95139
95145
95157
95158
95159
95162
95166
95170
95177
95206
95213
95223
95226
95234
95236
95242
95243
95244
95247
95250
95251
95253
95254
95255
95257
95258
95259
95260
95261
95262
95264
95265
95267
95268
95274
95275
95279
95286
95294
95298
95301
95307
95315
95318
95320
95321
95327
95328
95329
95331
95332
95337
95339
95342
95347
95413
95518
95631
95634
95637
95640
95648
95649
95654
95655
95659
95662
95668
95670
95672
95675
95682
95715
95724
95728
95734
95735
95743
95753
95755
95757
95760
95763
95766
95767
95770
95772
95773
95774
95780
95784
95788
95790
95793
95797
95821
95830
95840
95847
95861
95863
95871
95873
95874
95875
95877
95879
95884
95885
95937
95940
96016
96295
96342
96353
96365
96366
96371
96377
96380
96385
96386
96390
96394
96397
96409
96423
96424
96425
96427
96428
96430
96431
96432
96435
96441
96446
96449
96450
96452
96454
96460
96464
96467
96469
96470
96474
96595
96601
96623
96650
96670
96677
96694
96747
96857
96866
96936
96988
96994
97005
97014
97021
97027
97028
97050
97101
97102
97207
97211
97219
97224
97225
97228
97229
97230
97234
97247
97251
97255
97272
97275
97343
97345
97369
97545
97568
97667
97670
97676
97678
97680
97687
97692
97698
97701
97705
97709
97714
97718
97723
97728
97737
97743
97748
97753
97758
97764
97771
97776
97781
97791
97795
97801
97806
97811
97817
97822
97829
97833
97838
97844
97848
97852
97857
97859
97864
97868
97873
97882
97888
97894
97902
97908
97914
97945
97947
97951
97955
97958
97964
97965
97970
97973
97979
97981
97984
97990
97993
97997
98003
98008
98012
98017
98029
98047
98063
98065
98093
98095
98292
98300
98302
98305
98307
98312
98349
98351
98357
98358
98367
98538
98578
98583
98585
98586
98588
98590
98706
98708
98709
98710
98715
98722
98731
98734
98736
98738
98810
98814
98818
98819
98822
98850
98855
98862
98876
98877
98890
98974
99316
99317
99347
99422
99424
99426
99427
99436
99449
99454
99458
99612
99615
99619
99626
99634
99636
99667
99670
99679
99683
99747
99880
99890
99922
99988
99999
100003
100015
100016
100020
100027
100029
100030
100041
100045
100047
100049
100051
100053
100102
100107
100125
100138
100150
100153
100315
100319
100339
100405
100432
100462
100474
100565
100577
100579
100581
100583
100586
100590
100611
100619
101017
101021
101023
101032
101050
101069
101076
101078
101079
101085
101104
101107
101108
101109
101116
101121
101289
101308
101317
101347
101359
101401
101480
101483
101485
101717
101743
101883
101884
101937
101948
101957
101960
101962
101965
101966
102001
102241
102417
102488
102491
102503
102578
102635
102639
102643
102648
102650
102652
102654
102745
103198
103267
103505
103509
103536
103581
103617
103811
103812
103814
103815
103816
103823
103875
103884
103889
103890
103983
104001
104507
104514
104543
104571
104591
104595
104599
104674
104689
104700
104710
104738
104747
104799
104870
104871
104879
104882
105028
105192
105339
105349
105392
105465
105481
105835
105877
105923
105991
106004
106020
106028
106040
106179
106191
106231
106245
106250
106252
106253
106437
106456
106901
106948
106952
106954
106968
106975
107050
107063
107161
107190
107197
107352
107357
107360
107365
107366
107447
107451
107454
107458
107460
107463
107464
107465
107470
107478
107479
107547
107550
107568
107572
107577
107578
107595
107600
107608
107623
107626
107695
107702
107704
107707
107708
107723
108081
108173
108192
108216
108283
108289
108348
108455
108465
108630
108758
108822
108966
109035
109039
109043
109049
109068
109074
109106
109118
109135
109140
109151
109165
109172
109174
109187
109200
109519
109672
109790
109811
109812
109820
109821
109831
109839
109841
109843
109844
109845
109846
109847
109862
109900
109906
109978
109979
109983
109993
110014
110015
110020
110163
110171
110218
110303
110348
110349
110352
110355
110359
110452
110454
110461
110471
110473
110478
110487
110492
110496
110497
110505
110537
110549
110553
110638
110771
110943
110945
110947
110949
110950
110951
110953
110954
110955
110957
110958
110959
110994
110999
111004
111007
111010
111013
111016
111021
111023
111027
111029
111032
111035
111038
111041
111042
111044
111045
111047
111049
111051
111055
111056
111061
111065
111066
111071
111073
111078
111081
111085
111089
111091
111095
111098
111101
111106
111110
111114
111116
111118
111122
111126
111128
111131
111133
111134
111136
111138
111141
111145
111148
111149
111151
111154
111157
111160
111163
111165
111168
111174
111177
111187
111190
111192
111198
111203
111229
111243
111300
111303
111304
111309
111311
111319
111320
111332
111334
111335
111342
111348
111352
111353
111369
111404
111459
111478
111488
111489
111533
111536
111541
111558
111564
111573
111574
111577
111688
111804
111808
111828
111829
111836
111875
111876
111881
111884
111885
111887
111904
111913
111917
111918
111922
111928
111934
111942
111945
111976
111996
112008
112015
112020
112021
112024
112029
112032
112039
112040
112048
112049
112085
112087
112099
112100
112108
112115
112120
112126
112131
112132
112136
112139
112149
112151
112152
112157
112173
112186
112188
112189
112190
112191
112192
112193
112194
112195
112197
112198
112199
112200
112201
112202
112203
112204
112206
112207
112208
112212
112213
112218
112232
112235
112238
112240
112243
112249
112254
112255
112256
112258
112263
112266
112274
112285
112294
112296
112311
112323
112327
112336
112344
112349
112366
112372
112375
112382
112384
112391
112454
112455
112459
112464
112465
112469
112497
112503
112510
112624
112632
112645
112682
112696
112767
112773
112775
112776
112784
112790
112793
112796
112798
112805
112808
112812
112816
112849
112937
112939
112943
112957
112959
112963
112964
113207
113388
113440
113442
113446
113456
113468
113503
113504
113508
113509
113515
113517
113521
113522
113526
113527
113535
113545
113555
113556
113558
113565
113573
113578
113597
113605
113618
113619
113620
113622
113624
113628
113638
113639
113642
113659
113663
113675
113679
113683
113685
113691
113692
113697
113702
113716
113718
113741
113742
113743
113744
113746
113747
113748
113749
113751
113752
113753
113755
113756
113758
113760
113761
113762
113767
113768
113790
113793
113796
113801
113808
113845
113854
113864
113865
113870
113876
113880
113882
113889
113896
113935
113948
113951
113957
114061
114285
114310
114318
114319
114328
114335
114340
114378
114379
114381
114385
114386
114389
114390
114391
114393
114396
114404
114406
114413
114416
114419
114421
114430
114439
114440
114442
114460
114479
114485
114489
114495
114499
114504
114505
114510
114511
114513
114514
114533
114537
114555
114570
114574
114575
114593
114596
114601
114611
114621
114643
114648
114657
114658
114659
114660
114661
114663
114666
114667
114668
114669
114670
114671
114673
114675
114676
114679
114680
114682
114683
114685
114686
114687
114689
114690
114693
114700
114703
114705
114714
114716
114727
114728
114732
114733
114744
114747
114759
114798
114800
114801
114803
114818
114828
114837
114838
114841
114863
114864
114865
114888
114966
114983
115009
115054
115055
115057
115060
115061
115062
115140
115356
115373
115419
115479
115613
115624
115627
115740
115781
115841
115847
115874
115878
115881
115930
115938
115939
115940
115942
115943
115944
115945
115946
115947
115949
115953
115954
115960
115961
115962
115970
115973
115974
115984
115994
115995
116004
116039
116054
116057
116058
116059
116065
116069
116072
116086
116088
116093
116097
116108
116109
116113
116117
116118
116120
116137
116138
116140
116154
116158
116159
116160
116171
116191
116194
116206
116224
116225
116227
116229
116230
116231
116232
116233
116235
116236
116237
116240
116241
116243
116244
116245
116249
116250
116252
116255
116257
116264
116299
116305
116307
116321
116324
116328
116336
116341
116343
116354
116356
116370
116372
116379
116390
116403
116423
116424
116433
116434
116450
116459
116498
116500
116504
116512
116555
116671
116764
116774
116783
116786
116787
116788
116794
116797
116798
116808
116810
116813
116817
116880
117001
117016
117087
117090
117134
117141
117201
117210
117215
117220
117230
117231
117235
117239
117248
117250
117254
117258
117260
117263
117267
117268
117278
117531
117538
117544
117546
117558
117559
117561
117566
117570
117576
117577
117579
117580
117590
117632
117633
117643
117646
117647
117648
117649
117651
117658
117659
117666
117674
117696
117715
117717
117719
117722
117723
117733
117748
117749
117751
117757
117777
117782
117795
117803
117823
117824
117830
117839
117853
117854
117855
117858
117867
117869
117874
117875
117941
118000
118005
118019
118040
118322
118328
118349
118354
118492
118498
118549
118550
118553
118565
118579
118583
118584
118600
118603
118604
118612
118622
118627
118654
118660
118662
118755
118756
118794
118807
118817
118837
118937
118938
118940
118941
118942
118943
118953
118961
118973
118978
118995
119004
119026
119030
119044
119046
119048
119056
119060
119061
119072
119073
119087
119099
119106
119207
119211
119215
119218
119219
119283
119293
119374
119391
119396
119405
119410
119415
119469
119470
119778
119851
119877
119903
119913
119917
119918
120025
120049
120059
120112
120116
120124
120129
120131
120132
120136
120142
120143
120150
120153
120154
120158
120159
120160
120164
120165
120166
120169
120172
120183
120197
120199
120209
120217
120219
120227
120233
120253
120270
120282
120304
120342
120343
120356
120357
120426
120427
120429
120430
120432
120433
120435
120437
120530
120533
120572
120577
120598
120606
120614
120618
120620
120623
120624
120626
120640
120642
120646
120648
120653
120656
120659
120664
120667
120675
120676
120679
120681
120701
120706
120711
120718
120721
120722
120863
120872
120875
120878
120881
120882
120893
120908
120916
120926
120935
120941
120945
120947
120948
120970
120975
120978
121094
121101
121103
121104
121105
121191
121192
121194
121196
121204
121271
121439
121442
121495
121550
121644
121699
121701
121707
121713
121722
121726
121733
121734
121757
121758
121770
121771
121776
121778
121779
121789
121795
121797
121803
121890
121894
121918
122131
122141
122142
122147
122152
122200
122201
122202
122204
122214
122217
122222
122224
122227
122228
122256
122264
122265
122268
122269
122270
122271
122276
122279
122280
122281
122288
122294
122309
122314
122328
122330
122339
122360
122363
122374
122377
122385
122386
122388
122389
122390
122391
122393
122395
122396
122399
122400
122401
122403
122405
122406
122408
122413
122418
122420
122421
122430
122442
122451
122556
122562
122564
122574
122576
122579
122582
122589
122593
122596
122598
122601
122611
122624
122684
122689
122694
122739
122788
122793
122795
122796
122798
122799
122899
122961
123098
123649
123751
123893
124000
124027
124098
124175
124194
124196
124203
124215
124217
124218
124220
124221
124222
124236
124555
124560
124842
125141
125142
125170
125322
125374
125426
125427
125433
125437
125439
125455
125479
125569
125577
125581
125589
125595
125599
125603
125604
125608
126401
126403
126473
126594
126635
127079
127084
127253
127264
127322
127324
127442
127655
127759
127790
127792
127888
127904
127912
127916
127919
128602
128604
128608
128637
128900
128923
128927
128932
128934
128952
128956
129060
129115
129119
129196
129203
129209
129211
129212
129223
129227
129228
129232
129235
129237
129238
129239
129240
129241
129242
129245
129248
129251
129256
129265
129322
129376
129380
129381
129393
129395
129397
129405
129409
129420
129458
129494
129544
129984
130113
130139
130191
130208
130247
130311
130312
130334
130355
130376
130479
130488
130495
130500
130502
130503
130508
130509
130510
130511
130514
130542
130605
130616
130819
130823
130846
130852
130861
130864
130982
130991
130995
131000
131005
131009
131013
131279
131282
131559
131613
131636
131662
131735
131740
131770
131847
131873
131876
131882
131883
131889
131900
131951
132000
132005
132014
132027
132227
132380
132396
132399
132498
132558
132613
132663
132723
132732
132749
132751
132756
132761
132764
132767
132772
132774
132807
132834
132842
132961
132964
132966
132968
133052
133057
133066
133075
133085
133089
133103
133179
133187
133191
133202
133643
133764
133782
133866
133868
133943
133956
134008
134059
134086
134123
134142
134154
134167
134740
134828
134856
134871
134903
134973
135045
135049
135055
135095
135149
135158
135169
135181
135182
135184
135200
135207
135209
135211
135214
135221
135230
135233
135390
135396
135424
135517
135519
135521
135522
135524
135526
135533
135534
135536
135540
135541
135543
135544
135546
135550
135555
135559
135560
135564
135568
135605
135622
135903
135913
135924
135927
135928
135932
136055
136077
136078
136079
136102
136103
136116
136119
136121
136122
136128
136129
136132
136133
136135
136150
136164
136190
136197
136204
136263
136328
136334
136421
136426
136459
136463
136467
136469
136472
136476
136478
136481
136493
136506
136528
136537
136563
136570
136576
136580
136584
136587
136589
136600
136732
137006
137020
137085
137090
137095
137104
137111
137263
137265
137269
137275
137391
137404
137423
137426
137436
137439
137478
137484
137485
137533
137700
137745
137747
137760
137762
137763
137766
137772
137777
137784
137788
137789
137799
137807
137812
137815
137819
137823
137840
137846
137850
137859
137862
137864
137872
137876
137889
137894
137920
137945
137948
137963
137968
137971
137981
137988
137990
137996
138006
138066
138071
138097
138162
138180
138393
138396
138510
138539
138636
138665
138781
138840
138866
138869
138871
138876
138877
138878
138879
138881
138883
138887
138888
138905
138907
138919
138945
138958
138964
138970
138989
139088
139089
139140
139273
139274
139288
139292
139314
139317
139321
139323
139458
139477
139482
139489
139491
139492
139494
139499
139500
139501
139508
139579
139632
139639
139657
139789
139841
139880
139892
139921
139924
139940
140050
140069
140165
140183
140184
140190
140193
140196
140202
140212
140214
140221
140227
140229
140234
140250
140253
140282
140363
140432
140560
140564
140572
140575
140685
140739
140822
140833
140840
140845
140846
140847
140852
140857
140866
140874
140969
140975
140979
140980
140983
141282
141287
141306
141336
141370
141394
141402
141495
141594
141597
141615
141616
141623
141655
141660
141661
141662
141666
141667
141670
141671
141672
141679
141683
141686
141687
141695
141703
141713
141733
141738
141739
141771
141774
141776
141780
141784
141796
141806
141813
141815
141817
141829
141830
141842
141854
141855
141866
141874
141887
141890
141897
141898
141905
141940
141941
141942
141943
141948
141994
142011
142043
142053
142061
142066
142067
142071
142074
142076
142077
142082
142083
142089
142091
142093
142100
142101
142143
142176
142189
142201
142202
142589
142673
142702
142761
142835
142872
142883
143163
143182
143185
143188
143206
143228
143231
143233
143238
143241
143302
143309
143370
143374
143378
143379
143380
143385
143390
143416
143465
143655
143743
143784
143793
143795
143797
143825
143838
143928
143932
143939
144012
144052
144106
144117
144139
144143
144144
144147
144153
144154
144159
144165
144193
144525
144536
144539
144542
144543
144566
144665
144685
144687
144690
144710
144777
144813
144983
144987
144990
144995
145027
145028
145188
145190
145203
145204
145218
145224
145230
145231
145232
145245
145250
145252
145253
145258
145261
145263
145268
145277
145311
145314
145315
145317
145346
145405
145493
145539
145547
145553
145575
145583
145584
145595
145655
145661
145662
145665
145667
145669
145673
145684
145698
145706
145709
145714
145715
145726
145738
145758
145768
145774
145775
145779
145781
145787
145788
145815
145880
145881
145886
145891
145893
145899
145909
145912
145915
145918
146139
146161
146225
146250
146457
146497
146504
146516
146519
146533
146540
146542
146550
146552
146555
146557
146558
146560
146564
146571
146574
146578
146585
146621
146785
146887
146891
146903
146906
146910
146913
146944
146949
146952
146956
146960
146966
146976
146978
146982
146992
146997
147004
147005
147018
147022
147034
147144
147248
147253
147257
147662
147683
147786
147846
147888
147889
147930
147943
147944
147959
147974
147984
147992
147999
148011
148014
148015
148016
148024
148028
148145
148174
148355
148447
148462
148467
148468
148474
148485
148495
148515
148612
148615
148618
148638
148643
148649
148650
149040
149046
149594
149608
149782
149789
149809
149912
149920
149925
149926
149928
150248
150262
150364
150540
150549
150551
150553
150651
150709
150711
150713
150719
150720
150730
150736
150746
150751
150752
150762
150814
150970
150976
151043
151185
151275
151289
151293
151296
151301
151302
151304
151306
151308
151311
151312
151318
151324
151329
151336
151390
151444
151453
151454
151463
151471
151485
151491
152115
152203
152243
152247
152254
152255
152257
152261
152267
152271
152272
152280
152315
152317
152358
152361
152368
152429
152600
152601
152716
152720
152722
152727
152734
152736
152741
152745
152747
152753
152758
152761
152765
152773
153079
153225
153227
153293
153314
153333
153338
153355
153365
153368
153378
153382
153389
153396
153397
153404
153534
153764
153769
153772
153775
153902
153912
153930
154029
154033
154043
154053
154058
154066
154067
154171
154172
154177
154179
154185
154187
154191
154193
154490
154495
154501
154511
154524
154530
154638
154639
154670
154679
154717
154721
154726
154729
154730
154739
154742
154749
154758
154762
154767
154768
154773
154776
154793
154938
154960
154966
154972
155049
155157
155263
155268
155270
155276
155277
155285
155294
155295
155298
155302
155303
155307
155313
155320
155327
155330
155367
155604
155832
155974
156081
156083
156086
156088
156093
156102
156107
156109
156111
156114
156117
156119
156124
156125
156129
156138
156145
156191
156226
156271
156294
156534
156542
156549
156632
156644
156645
156647
156650
156651
156664
156669
156671
156672
156674
156681
156686
156687
156691
156706
156809
156822
156825
156829
156850
156858
157014
157057
157106
157181
157208
157210
157293
157384
157439
157445
157458
157462
157463
157465
157486
157487
157490
157497
157499
157546
157553
157555
157570
157811
157908
157920
157927
157931
157932
157941
157942
157943
157948
157950
157953
157955
157990
158017
158041
158117
158259
158290
158357
158432
158667
158705
158732
158741
158744
158756
158771
158778
158781
158785
158788
158792
158801
158802
158807
158808
158810
158815
158819
158862
158870
159036
159120
159137
159141
159145
159151
159160
159168
159203
159207
159211
159219
159282
159295
159389
159694
159730
159848
159871
159976
159991
160010
160012
160014
160015
160019
160023
160026
160033
160034
160041
160044
160050
160052
160058
160065
160072
160092
160173
160227
160273
160281
160314
160332
160402
160404
160406
160412
160413
160419
160431
160546
160553
161091
161158
161236
161240
161416
161422
161446
161448
161459
161460
161465
161469
161477
161487
161489
161495
161496
161501
161503
161512
161514
161520
161692
161698
161703
161713
161720
161722
161723
161724
161726
161728
161737
161741
161748
161760
161763
161765
161768
161776
161785
161786
161788
161800
161812
162153
162177
162187
162220
162224
162230
162239
162245
162247
162256
162264
162291
162311
162319
162321
162322
162325
162328
162332
162344
162345
162347
162350
162352
162366
162369
162379
162389
162408
162410
162417
162418
162422
162426
162437
162443
162460
162465
162491
162492
162493
162495
162496
162497
162498
162499
162500
162501
162502
162503
162504
162505
162506
162509
162510
162511
162512
162513
162514
162515
162516
162517
162518
162560
162563
162568
162570
162574
162581
162587
162590
162592
162599
162608
162640
162646
162667
162671
162674
162719
162725
162738
162739
162740
162752
162778
162835
162836
162837
162838
162839
162840
162841
162882
162912
162927
162949
163087
163102
163129
163138
163141
163143
163146
163152
163157
163165
163177
163184
163203
163224
163280
163350
163393
163397
163754
163769
163784
163785
163786
163842
163843
163850
163852
163854
163855
163856
163869
163890
163908
163909
163919
163922
163923
163931
163936
163955
163960
163962
163972
163992
163999
164011
164013
164014
164015
164017
164018
164019
164020
164021
164023
164024
164025
164027
164028
164029
164030
164032
164034
164038
164054
164106
164112
164114
164118
164124
164128
164131
164135
164136
164145
164146
164161
164162
164163
164177
164181
164186
164213
164215
164235
164238
164274
164409
164457
164474
164475
164482
164483
164484
164488
164489
164596
164598
164603
164628
164630
164717
164759
164760
164780
164788
164790
164794
164806
164811
164817
164819
164827
164831
164834
164837
164839
164842
164849
165244
165282
165287
165289
165294
165295
165297
165303
165315
165322
165325
165327
165335
165346
165356
165360
165361
165362
165371
165372
165374
165376
165395
165407
165413
165415
165419
165423
165427
165435
165442
165443
165473
165474
165475
165476
165478
165479
165480
165481
165482
165483
165484
165487
165488
165489
165490
165493
165494
165497
165498
165499
165500
165502
165504
165508
165514
165516
165521
165524
165530
165532
165539
165541
165543
165547
165568
165574
165575
165584
165586
165593
165596
165610
165611
165617
165624
165627
165628
165634
165646
165649
165661
165673
165680
165695
165720
165724
165829
165859
166015
166021
166048
166057
166060
166071
166087
166092
166096
166138
166142
166145
166146
166150
166151
166152
166155
166157
166161
166163
166164
166168
166169
166173
166177
166181
166183
166206
166207
166241
166256
166260
166265
166270
166289
166291
166312
166314
166317
166350
166353
166359
166362
166366
166367
166372
166375
166381
166402
166405
166422
166451
166454
166460
166462
166465
166573
166575
166576
166632
166635
166639
166660
166661
166664
166666
166667
166670
166673
166674
166676
166679
166680
166698
166699
166700
166701
166704
166705
166706
166707
166709
166710
166712
166713
166714
166717
166718
166719
166721
166722
166724
166725
166726
166727
166729
166731
166732
166735
166737
166738
166739
166740
166742
166744
166749
166753
166756
166763
166765
166783
166791
166794
166799
166804
166805
166810
166851
166854
166863
166867
166962
166972
166980
166998
167005
167053
167174
167177
167183
167186
167188
167190
167194
167202
167204
167209
167210
167214
167223
167224
167232
167233
167265
167330
167341
167348
167356
167358
167641
167705
167741
167870
167937
167947
167962
167964
167969
167971
167973
167976
167979
167986
168002
168027
168033
168034
168039
168042
168044
168053
168086
168093
168111
168113
168122
168134
168136
168137
168154
168168
168177
168178
168179
168180
168182
168183
168184
168185
168186
168187
168188
168191
168192
168194
168195
168196
168197
168200
168201
168208
168209
168210
168213
168215
168217
168226
168229
168233
168236
168245
168251
168261
168268
168277
168278
168286
168291
168293
168294
168296
168306
168320
168321
168324
168341
168344
168353
168359
168366
168368
168375
168383
168384
168395
168405
168411
168425
168669
168670
168689
168691
168701
168709
168720
168733
168741
168794
168796
168798
168800
168804
168810
168816
168818
168837
168842
168848
168857
168892
168896
168898
168907
168912
168913
168923
168927
168937
168938
168948
168950
168963
169004
169019
169020
169021
169023
169026
169029
169030
169033
169036
169038
169041
169042
169044
169046
169047
169049
169051
169053
169055
169057
169058
169059
169060
169061
169062
169063
169064
169065
169066
169067
169068
169069
169070
169071
169072
169073
169074
169110
169114
169118
169122
169133
169139
169141
169143
169145
169147
169148
169149
169150
169151
169154
169155
169158
169159
169161
169162
169163
169164
169167
169168
169172
169177
169184
169190
169194
169201
169307
169315
169326
169342
169347
169373
169377
169383
169386
169393
169498
169503
169514
169549
169593
169595
169596
169599
169601
169602
169604
169606
169781
169845
169848
169850
169854
169868
170056
170103
170104
170116
170118
170120
170123
170127
170130
170137
170138
170141
170143
170154
170165
170175
170177
170179
170211
170238
170241
170247
170259
170264
170274
170276
170283
170285
170286
170315
170318
170319
170322
170369
170370
170371
170372
170373
170374
170375
170377
170378
170380
170381
170382
170383
170385
170389
170390
170392
170393
170395
170397
170398
170399
170400
170402
170406
170408
170411
170417
170420
170425
170428
170435
170436
170508
170510
170514
170516
170518
170521
170529
170534
170536
170553
170556
170568
170574
170575
170583
170591
170592
170618
170634
170647
170658
170742
170749
170760
170764
170869
170927
170936
170949
170957
170981
171025
171067
171118
171277
171281
171294
171320
171330
171333
171335
171339
171342
171345
171352
171380
171384
171385
171389
171390
171395
171396
171407
171423
171447
171454
171455
171458
171461
171468
171470
171471
171472
171475
171481
171485
171514
171524
171526
171534
171549
171558
171562
171567
171569
171578
171580
171581
171587
171590
171591
171594
171600
171604
171605
171616
171618
171633
171640
171647
171652
171654
171673
171680
171683
171686
171688
171691
171694
171735
171738
171740
171743
171745
171746
171751
171754
171755
171762
171779
171783
171862
171869
171876
171922
171977
171979
171983
172051
172118
172221
172233
172287
172294
172299
172303
172333
172623
172624
172628
172639
172658
172683
172696
172700
172743
172745
172749
172751
172759
172761
172763
172782
172789
172809
172820
172821
172825
172835
172841
172842
172847
172848
172868
172873
172881
172888
172889
172893
172900
172902
172908
172914
172930
172931
172944
172955
172979
172980
172982
172983
172984
172985
172986
172987
172989
172990
172993
172995
172996
172997
172998
173000
173004
173007
173009
173010
173011
173012
173014
173015
173019
173024
173025
173028
173036
173054
173055
173059
173060
173070
173071
173093
173096
173097
173098
173102
173113
173124
173126
173132
173133
173134
173136
173137
173147
173157
173158
173210
173228
173229
173232
173325
173328
173329
173330
173331
173370
173558
173624
173686
173747
173958
173977
173985
173999
174004
174011
174015
174023
174035
174038
174047
174050
174055
174058
174093
174095
174106
174109
174142
174284
174286
174287
174288
174299
174300
174306
174314
174322
174329
174336
174345
174354
174364
174381
174398
174402
174407
174460
174462
174476
174519
174566
174567
174569
174570
174572
174574
174575
174576
174577
174579
174580
174595
174597
174726
174727
174751
174859
174881
174884
174889
174896
174902
174914
174982
175002
175137
175146
175151
175157
175190
175251
175258
175264
175274
175286
175289
175291
175311
175317
175326
175329
175331
175371
175382
175500
175571
175632
175635
175898
175902
175903
175915
175969
175979
176004
176015
176018
176020
176024
176029
176030
176032
176034
176035
176037
176043
176047
176059
176064
176065
176072
176076
176097
176110
176119
176130
176132
176134
176152
176153
176155
176156
176158
176162
176163
176164
176178
176183
176186
176194
176210
176211
176220
176223
176225
176227
176229
176231
176233
176239
176249
176250
176257
176283
176285
176286
176288
176289
176290
176293
176294
176296
176297
176299
176300
176302
176304
176306
176309
176310
176311
176312
176313
176317
176324
176326
176333
176334
176339
176344
176348
176350
176358
176360
176366
176384
176385
176407
176410
176442
176494
176595
176617
176640
176644
176711
176767
176832
176837
176854
176903
176908
176930
176935
177000
177004
177006
177007
177034
177055
177059
177066
177068
177070
177078
177081
177085
177086
177089
177093
177096
177103
177108
177127
177128
177129
177140
177147
177160
177180
177212
177214
177229
177234
177238
177248
177288
177291
177293
177296
177311
177325
177327
177334
177368
177369
177370
177374
177377
177381
177393
177401
177402
177405
177410
177417
177418
177419
177423
177432
177445
177446
177452
177462
177472
177475
177477
177479
177483
177490
177492
177496
177500
177503
177504
177513
177517
177547
177548
177549
177550
177552
177553
177554
177556
177557
177558
177559
177561
177563
177564
177565
177567
177569
177571
177572
177574
177576
177584
177588
177590
177601
177746
177750
177753
177786
177837
177846
177896
177899
177903
177909
177947
177959
177976
177982
178001
178006
178007
178024
178061
178066
178085
178088
178110
178183
178184
178190
178204
178522
178524
178530
178551
178581
178582
178636
178642
178644
178650
178655
178658
178666
178672
178675
178679
178688
178699
178709
178710
178737
178743
178754
178756
178761
178781
178783
178823
178839
178841
178842
178845
178847
178850
178856
178859
178861
178866
178867
178870
178871
178875
178878
178881
178882
178887
178913
178920
178923
178925
178926
178928
178930
178931
178934
178936
178940
178943
179072
179073
179074
179076
179078
179079
179082
179084
179086
179116
179117
179119
179130
179141
179155
179163
179175
179179
179233
179234
179329
179331
179337
179353
179358
179370
179676
179733
179760
179765
179797
179803
179846
179918
179925
179974
179988
179990
180006
180014
180026
180028
180029
180043
180045
180071
180088
180104
180292
180416
180418
180437
180444
180577
180606
180674
180687
180736
180740
180761
180778
180785
180789
180799
180800
180812
180813
180815
180835
180846
180850
180857
180860
181180
181187
181188
181201
181209
181214
181227
181258
181263
181265
181269
181286
181306
181312
181315
181316
181320
181323
181326
181327
181328
181329
181330
181333
181336
181341
181350
181351
181355
181363
181365
181367
181410
181411
181422
181432
181439
181440
181454
181463
181477
181480
181483
181495
181512
181518
181521
181525
181543
181544
181547
181550
181553
181556
181565
181568
181571
181586
181598
181599
181601
181602
181603
181604
181606
181610
181611
181612
181613
181614
181617
181618
181620
181621
181622
181623
181629
181631
181633
181635
181640
181646
181654
181664
181665
181670
181708
181711
181714
181717
181718
181719
181725
181726
181727
181729
181734
181852
181860
181866
181867
181869
181876
181883
181884
181892
181894
181995
182004
182008
182342
182372
182389
182444
182451
182480
182481
182492
182565
182566
182572
182579
182601
182602
182603
182610
182638
182649
182664
182786
182790
182969
182974
182978
182989
182991
182997
183001
183006
183008
183022
183036
183038
183046
183055
183074
183104
183118
183121
183122
183125
183128
183129
183130
183133
183136
183138
183145
183165
183240
183265
183315
183321
183323
183341
183519
183520
183534
183536
183538
183545
183560
183564
183569
183571
183592
183605
183628
183646
183679
183729
183768
183999
184017
184037
184041
184043
184055
184094
184102
184108
184112
184114
184117
184122
184128
184138
184139
184142
184148
184155
184167
184173
184175
184188
184191
184198
184203
184209
184226
184229
184231
184236
184243
184252
184256
184261
184262
184263
184265
184268
184273
184276
184277
184278
184280
184282
184285
184288
184308
184326
184329
184420
184468
184505
184512
184516
184524
184528
184529
184535
184536
184545
184547
184551
184568
184581
184618
184752
184879
185056
185092
185132
185138
185162
185163
185172
185173
185182
185187
185188
185190
185194
185224
185229
185328
185332
185479
185540
185545
185554
185555
185556
185558
185561
185658
185665
185672
185699
185748
185757
185764
185776
185779
185786
185799
185819
185828
185831
185840
185891
185895
185900
185906
185915
185921
185923
185924
185933
185939
186103
186209
186214
186236
186244
186255
186389
186393
186395
186427
186429
186431
186433
186435
186436
186443
186448
186453
186468
186471
186478
186489
186490
186499
186515
186517
186534
186540
186546
186549
186558
186563
186566
186567
186569
186574
186577
186579
186581
186590
186591
186598
186620
186631
186634
186636
186638
186641
186655
186657
186669
186680
186694
186697
186698
186700
186705
186707
186731
186736
186737
186739
186740
186741
186742
186745
186748
186766
186774
186778
186787
186788
186861
186864
186903
186910
186915
186918
186928
186930
186938
186939
186945
186949
187116
187173
187178
187188
187200
187215
187230
187235
187327
187330
187364
187379
187385
187386
187403
187408
187410
187415
187417
187427
187428
187585
187602
187689
187693
187700
187701
187703
187709
187710
187714
187715
187761
187777
187779
187781
187782
187787
187792
187800
187802
187804
187806
187820
187842
187848
187850
187851
187865
187866
187873
187878
187881
187884
187885
187888
187895
187897
187907
187908
187913
187917
187932
187933
187934
187936
187937
187939
187940
187943
187945
187946
187948
187949
187950
187951
187952
187953
187959
187968
187978
187981
187990
187991
187993
187996
187997
187998
188005
188013
188029
188071
188083
188085
188090
188093
188094
188098
188104
188110
188122
188132
188133
188139
188184
188277
188466
188473
188477
188485
188492
188494
188498
188517
188545
188549
188555
188558
188559
188560
188561
188562
188563
188564
188566
188567
188571
188573
188574
188575
188579
188583
188590
188591
188593
188614
188615
188620
188621
188629
188632
188637
188647
188661
188663
188669
188670
188681
188693
188702
188707
188711
188715
188721
188730
188760
188775
188777
188778
188780
188782
188785
188787
188789
188790
188802
188805
188807
188811
188812
188813
188816
188817
188843
188844
188845
188846
188847
188848
188850
188852
188854
188857
188859
188862
188863
188877
188880
188888
188896
188898
188901
188914
188921
188932
188936
188941
188946
188950
188978
189010
189013
189016
189017
189039
189309
189393
189400
189428
189434
189516
189533
189549
189550
189555
189671
189679
189701
189811
189812
189814
189904
189906
189910
189913
189914
189915
189916
189917
189918
189919
189921
189923
189928
189929
189930
189931
189932
189933
189942
189946
189949
189955
189962
189975
189977
189995
189999
190013
190028
190029
190038
190044
190050
190061
190062
190117
190317
190329
190387
190392
190394
190399
190427
190428
190436
190440
190442
190443
190450
190453
190457
190463
190477
190478
190486
190489
190505
190507
190512
190517
190562
190575
190576
190578
190579
190580
190581
190582
190583
190585
190586
190587
190590
190591
190593
190594
190598
190599
190600
190602
190603
190604
190606
190609
190611
190613
190618
190620
190626
190629
190637
190644
190648
190654
190656
190660
190664
190672
190682
190697
190707
190709
190719
190721
190735
190830
190831
190832
190906
190907
190908
190909
190910
190911
190912
191066
191067
191077
191090
191168
191243
191288
191333
191343
191347
191396
191520
191644
191645
191650
191651
191654
191655
191656
191709
191713
191717
191718
191719
191722
191726
191727
191730
191731
191735
191736
191737
191740
191741
191751
191755
191768
191771
191776
191803
191833
191845
191848
191850
191853
191857
191860
191861
191866
191870
191881
191889
191892
191895
191896
191901
191904
191905
191915
191916
191919
191927
191937
191943
191946
191950
191952
191957
191958
191963
191965
191966
191969
191973
191974
191988
191995
192033
192041
192043
192045
192046
192047
192048
192049
192050
192051
192058
192059
192060
192061
192062
192065
192066
192067
192070
192084
192087
192093
192097
192098
192099
192106
192109
192113
192118
192122
192124
192126
192138
192142
192157
192158
192162
192170
192181
192183
192187
192193
192195
192200
192204
192216
192220
192225
192230
192231
192302
192306
192308
192311
192314
192364
192411
192412
192414
192415
192416
192419
192420
192421
192487
192489
192559
192563
192587
192597
192613
192622
192632
192660
192720
192887
192891
192910
192912
192924
192931
192936
192975
192977
192978
192980
192982
192985
192992
192995
192996
192999
193002
193007
193008
193009
193017
193022
193024
193030
193035
193039
193045
193056
193094
193095
193103
193106
193107
193111
193113
193124
193127
193146
193156
193159
193168
193175
193182
193187
193188
193194
193195
193197
193200
193203
193210
193234
193261
193262
193265
193266
193268
193269
193271
193272
193274
193275
193277
193278
193279
193280
193281
193282
193284
193285
193286
193287
193289
193290
193292
193293
193294
193296
193301
193303
193315
193327
193328
193331
193332
193337
193338
193341
193347
193352
193365
193368
193376
193378
193385
193388
193407
193410
193422
193444
193446
193456
193490
193529
193652
193894
193941
193943
193959
193966
193969
193975
193982
194111
194112
194155
194156
194159
194164
194165
194168
194170
194173
194174
194176
194178
194272
194369
194437
194438
194441
194507
194547
194552
194645
194737
194742
194746
195174
195176
195218
195232
195252
195262
195264
195265
195266
195268
195270
195276
195279
195283
195285
195288
195291
195293
195298
195308
195309
195342
195349
195446
195492
195562
195574
195575
195577
195578
195583
195586
195589
195603
195614
195616
195617
195618
195621
195622
195626
195627
195635
195661
195671
195681
195682
195694
195695
195707
195741
195771
195802
195880
196000
196049
196052
196054
196243
196257
196422
196423
196447
196450
196457
196458
196463
196470
196472
196474
196475
196488
196496
196504
196516
196542
196584
196733
196741
196746
196757
196759
196760
196762
196765
196766
196768
196773
196774
196776
196778
196779
196780
196782
196783
196784
196786
196794
196795
196804
196805
196806
196807
196826
196828
196853
196858
196868
196871
196876
196886
196887
196907
196913
196922
196929
196930
196936
196960
196973
196984
197209
197346
197428
197445
197466
197472
197475
197484
197488
197489
197499
197501
197502
197503
197511
197517
197520
197535
197536
197558
197565
197586
197634
197869
197874
197878
197879
197883
197886
197891
197902
197907
197909
197915
197930
197931
197935
197936
197947
197949
197968
198022
198024
198025
198027
198028
198031
198032
198033
198035
198093
198152
198266
198275
198283
198306
198314
198439
198499
198594
198627
198637
198638
198790
198836
198842
198844
198848
198853
198858
198862
198863
198902
198908
198918
198921
198923
198925
198928
198931
198938
198939
198956
198973
198974
198977
198981
198983
198987
198988
198989
198991
199002
199004
199012
199015
199020
199024
199042
199045
199052
199073
199074
199079
199081
199082
199103
199108
199116
199128
199133
199139
199141
199148
199161
199165
199166
199169
199171
199176
199177
199191
199198
199203
199206
199211
199220
199231
199233
199243
199244
199249
199254
199265
199273
199275
199289
199322
199341
199343
199349
199374
199376
199553
199837
199839
199851
199857
199865
199872
199876
199877
199880
199897
199898
199899
199901
199903
199920
199921
199922
199924
199933
199937
199944
199947
199948
199952
199955
199959
199960
199968
199969
199974
199978
200009
200014
200029
200030
200039
200043
200052
200063
200064
200086
200172
200174
200183
200189
200191
200270
200271
200272
200273
200274
200275
200276
200277
200278
200279
200280
200281
200367
200521
200598
200633
200785
200892
200933
200992
201000
201024
201044
201046
201048
201053
201055
201056
201060
201062
201069
201080
201081
201082
201090
201091
201093
201099
201100
201147
201159
201246
201253
201255
201339
201340
201341
201342
201378
201467
201478
201486
201530
201718
201763
201803
201907
202074
202077
202092
202096
202107
202117
202125
202135
202147
202151
202156
202198
202200
202209
202210
202247
202258
202260
202268
202278
202279
202280
202284
202287
202291
202293
202297
202300
202305
202311
202321
202327
202348
202349
202359
202380
202444
202448
202452
202453
202456
202457
202509
202551
202552
202555
202556
202557
202566
202691
202699
202771
202834
202877
202895
202907
202914
202952
202953
203084
203111
203150
203250
203252
203257
203274
203275
203281
203287
203308
203318
203324
203328
203351
203376
203402
203510
203524
203543
203554
203561
203562
203565
203566
203571
203575
203626
203627
203629
203630
203633
203635
203641
203644
203654
203658
203659
203663
203671
203673
203674
203692
203703
203730
203743
203756
203773
203779
203781
203783
203792
203796
203797
203811
203817
203824
203830
203836
203846
203854
203856
203857
203859
203866
203876
203890
203901
203903
203907
203908
203911
203914
203915
203919
203929
203930
203942
203953
203954
203955
203959
203960
203964
203983
203985
203996
204008
204033
204035
204045
204053
204064
204107
204113
204130
204143
204174
204180
204398
204401
204446
204463
204547
204633
204701
204703
204704
204706
204707
204708
204711
204712
204717
204720
204724
204725
204727
204728
204729
204733
204736
204739
204740
204746
204758
204776
204778
204781
204790
204793
204816
204824
204831
204845
204846
204850
204856
204858
204868
204886
204897
204902
204914
204917
204921
204926
204932
204935
204939
204946
204970
204971
204989
204990
204991
204993
204994
204995
204996
204997
204998
205000
205001
205003
205004
205005
205007
205008
205009
205011
205012
205013
205014
205021
205030
205034
205038
205040
205047
205056
205065
205066
205067
205088
205097
205104
205108
205116
205135
205137
205140
205161
205162
205178
205180
205183
205239
205486
205549
205550
205702
205729
205758
205764
205766
205773
205777
205781
205807
205813
205823
205826
205838
205847
205849
205868
205870
205871
205872
205876
205885
205897
205898
205916
205954
206002
206007
206009
206016
206037
206067
206075
206122
206123
206124
206125
206149
206179
206188
206193
206310
206315
206329
206341
206388
206391
206394
206411
206528
206588
206772
206779
206786
206787
206791
206807
206810
206837
206838
206839
206847
206848
206855
206856
206896
206903
206909
206911
206927
206941
206965
206970
207029
207179
207219
207227
207230
207234
207235
207236
207249
207255
207262
207263
207273
207274
207287
207310
207326
207345
207348
207350
207356
207362
207363
207370
207379
207380
207383
207389
207393
207397
207399
207419
207420
207421
207424
207426
207436
207441
207447
207449
207470
207492
207494
207495
207496
207497
207500
207501
207502
207503
207504
207505
207506
207507
207508
207509
207511
207512
207513
207515
207516
207518
207519
207520
207521
207523
207525
207527
207528
207530
207531
207532
207540
207544
207556
207557
207558
207566
207582
207594
207606
207636
207641
207660
207672
207674
207695
207696
207754
207758
207765
207767
207771
207809
207810
207823
207854
208009
208225
208248
208257
208258
208266
208276
208281
208288
208313
208318
208326
208327
208331
208334
208338
208339
208350
208378
208382
208383
208394
208395
208402
208405
208410
208416
208417
208423
208434
208438
208450
208453
208455
208456
208466
208473
208474
208475
208476
208493
208501
208504
208520
208527
208546
208627
208634
208679
208681
208682
208683
208687
208688
208689
208690
208822
208940
208978
208989
209003
209011
209045
209049
209050
209128
209159
209213
209230
209358
209368
209369
209375
209390
209391
209405
209432
209436
209520
209548
209550
209552
209556
209563
209567
209573
209574
209584
209595
209597
209601
209605
209613
209625
209627
209631
209636
209642
209643
209678
209681
209766
209782
209787
209789
209795
209824
209899
209900
209901
209902
209903
209907
209916
210100
210124
210131
210141
210391
210549
210558
210559
210564
210582
210591
210604
210610
210628
210650
210653
210665
210667
210670
210711
210713
210715
210716
210726
210794
210803
210807
210811
210815
210818
210910
210911
210912
210913
210916
210917
210918
210919
210920
210921
210924
210999
211001
211121
211154
211338
211347
211348
211356
211560
211561
211562
211563
211584
211593
211599
211634
211644
211654
211657
211676
211677
211683
211684
211707
211708
211712
211788
211928
211935
211944
211952
211958
211963
211964
211971
211987
211991
211996
212023
212029
212087
212088
212133
212148
212154
212176
212180
212211
212215
212219
212222
212226
212238
212243
212251
212257
212262
212267
212270
212274
212277
212771
212776
212783
212801
212816
212889
212901
212917
212921
212923
212942
212953
213000
213001
213010
213011
213012
213016
213029
213050
213059
213067
213071
213076
213078
213087
213088
213089
213098
213101
213103
213104
213125
213129
213130
213137
213139
213147
213157
213158
213159
213251
213252
213253
213254
213255
213256
213260
213261
213262
213263
213264
213269
213280
213284
213287
213293
213298
213303
213318
213320
213321
213324
213335
213337
213434
213439
213530
213537
213538
213539
213540
213542
213543
213588
213695
213764
213782
213955
213971
213977
213980
214002
214004
214020
214023
214025
214026
214027
214028
214029
214030
214031
214379
214463
214496
214674
214826
214829
214839
214841
214850
214855
214864
214871
214921
215041
215065
215069
215085
215125
215282
215293
215521
215543
215624
215630
215663
215679
215682
215698
215699
215712
215715
215742
215751
215773
215794
215798
215800
215806
215873
215886
216068
216075
216080
216082
216088
216144
216182
216278
216292
216300
216309
216320
216399
216454
216459
216465
216466
216467
216468
216602
216690
216692
216718
216757
216891
216994
217027
217040
217060
217061
217111
217117
217124
217408
217417
217472
217475
217497
217501
217507
217508
217509
217516
217520
217528
217539
217544
217548
217555
217562
217563
217568
217574
217575
217579
217581
217585
217592
217594
217595
217610
217615
217619
217622
217625
217630
217635
217659
217662
217664
217667
217669
217678
217685
217691
217708
217709
217712
217713
217714
217716
217719
217720
217723
217724
217727
217728
217729
217730
217731
217732
217734
217735
217736
217738
217741
217745
217747
217750
217752
217755
217756
217758
217759
217765
217768
217769
217770
217771
217801
217803
217811
217837
217842
217843
217845
217850
217855
217857
217859
217867
218096
218114
218120
218145
218149
218153
218159
218162
218165
218195
218200
218211
218213
218260
218262
218265
218274
218282
218589
218642
218647
218666
218670
218676
218678
218703
218706
218711
218713
218733
218743
218808
218833
218855
218972
219298
219302
219307
219310
219314
219329
219337
219341
219354
219357
219359
219370
219371
219376
219384
219406
219407
219418
219475
219476
219478
219481
219482
219486
219740
219745
219845
219855
219859
219874
219881
219888
219890
219891
219900
219913
219915
219916
219920
219921
219924
219925
219932
219938
219941
219944
219953
219993
219994
219997
220008
220019
220020
220021
220033
220034
220037
220053
220065
220084
220085
220088
220091
220096
220097
220099
220109
220114
220117
220118
220121
220125
220180
220181
220182
220183
220184
220185
220187
220189
220191
220193
220194
220195
220196
220197
220200
220201
220203
220204
220205
220206
220207
220208
220209
220211
220215
220224
220228
220231
220242
220249
220265
220266
220267
220270
220279
220281
220283
220287
220290
220293
220297
220299
220306
220312
220314
220316
220318
220323
220329
220330
220337
220348
220352
220370
220374
220387
220394
220400
220405
220418
220419
220422
220423
220466
220493
220511
220575
220685
220686
220778
220816
220822
220843
220865
220939
220960
220963
220971
220976
220980
220982
220983
220984
221004
221005
221020
221023
221031
221037
221047
221049
221053
221065
221071
221076
221082
221111
221143
221145
221146
221151
221270
221500
221513
221525
221538
221542
221547
221560
221561
221571
221573
221584
221604
221608
221614
221617
221620
221625
221632
221652
221665
221685
221688
221741
222071
222084
222085
222093
222103
222151
222152
222156
222172
222177
222180
222190
222194
222253
222267
222270
222272
222351
222353
222357
222359
222360
222361
222364
222366
222367
222419
222431
222598
222607
222668
222674
222686
222699
222702
222708
222848
222931
222949
223093
223100
223108
223118
223122
223157
223171
223192
223265
223274
223278
223282
223291
223292
223304
223305
223306
223312
223313
223326
223341
223487
223515
223679
223751
223867
223872
223875
223878
223897
223910
223914
223916
223919
223926
223931
223944
223949
223952
223957
223962
223980
224004
224024
224035
224036
224042
224058
224091
224109
224114
224117
224119
224265
224525
224567
224569
224571
224579
224593
224603
224704
224708
224710
224711
224712
224714
224724
224727
224736
224750
224751
224755
224760
224774
224780
224793
224794
224802
224804
224872
224922
224947
224955
225063
225356
225429
225468
225470
225474
225487
225489
225493
225498
225514
225519
225522
225523
225524
225529
225554
225572
225573
225574
225582
225586
225587
225603
225784
225821
225830
225835
225866
225923
225928
225933
225939
225987
226923
226925
226927
226930
226940
226943
226946
226947
226965
226966
226968
226970
226980
226983
226994
227001
227002
227003
227015
227022
227026
227031
227040
227045
227047
227054
227060
227074
227079
227094
227106
227109
227111
227113
227114
227214
227219
227221
227225
227228
227229
227267
227279
227308
227538
227626
227719
227729
227745
227756
227784
227794
227799
227802
227812
227832
227844
227907
227910
227912
227913
227915
227924
227989
227996
228011
228034
228039
228041
228056
228067
228080
228151
228156
228157
228158
228159
228160
228161
228162
228164
228165
228167
228262
228330
228397
228473
228488
228492
228545
228579
228617
228710
228722
228745
228747
228753
228762
228768
228774
228778
228789
228794
228798
228801
228802
228808
228826
228833
228834
228841
228854
229175
229188
229189
229194
229198
229205
229207
229212
229217
229218
229332
229333
229335
229336
229344
229346
229347
229351
229358
229362
229367
229371
229379
229391
229398
229399
229401
229422
229426
229427
229439
229447
229453
229464
229473
229475
229477
229584
229593
229606
229639
229719
229831
229838
229885
230002
230007
230012
230017
230020
230036
230038
230041
230044
230052
230090
230153
230263
230265
230277
230281
230310
230313
230315
230316
230317
230318
230319
230320
230321
230322
230323
230326
230329
230330
230331
230332
230333
230335
230336
230337
230341
230342
230343
230344
230348
230349
230351
230353
230356
230358
230374
230375
230384
230387
230472
230474
230484
230489
230492
230500
230504
230512
230515
230525
230535
230546
230558
230562
230563
230570
230573
230583
230587
230597
230598
230608
230621
230648
230656
230657
230668
230671
230673
230677
230678
230681
230687
230692
230694
230704
230713
230750
230770
230780
230783
230982
231025
231077
231080
231092
231109
231120
231130
231135
231455
231458
231462
231464
231465
231469
231476
231481
231496
231497
231499
231500
231501
231502
231504
231505
231507
231524
231528
231539
231541
231543
231546
231547
231548
231565
231575
231585
231588
231596
231598
231604
231605
231606
231613
231694
231700
231701
231707
231820
231826
231828
231829
231830
231831
231832
231836
231888
231901
232006
232020
232051
232110
232202
232212
232214
232221
232230
232231
232235
232245
232248
232251
232254
232256
232261
232265
232375
232379
232508
232721
232728
232730
232761
232764
232765
232774
232792
232818
232831
232835
232837
232846
232849
232851
232855
232858
232859
232866
232870
232871
232873
232890
232920
232921
232922
232923
232924
232930
232932
232934
232942
232954
232963
232968
232978
232992
232993
233002
233008
233009
233015
233052
233053
233054
233055
233056
233059
233060
233061
233062
233067
233068
233071
233072
233073
233075
233076
233077
233078
233079
233086
233089
233102
233126
233183
233186
233187
233190
233192
233193
233196
233200
233207
233245
233247
233254
233258
233265
233271
233279
233318
233327
233355
233368
233455
233463
233535
233691
233718
233722
233728
233733
233738
233747
233751
233762
233774
233775
233777
233784
233788
233811
233820
233829
233908
233920
233924
234033
234037
234038
234039
234041
234092
234414
234437
234515
234694
234696
234703
234714
234717
234724
234725
234728
234729
234744
234746
234835
234837
234840
234846
234851
234871
234872
234873
234874
234879
234880
234881
234885
234887
234888
234890
234892
234893
234895
234903
234907
234910
234911
234913
234914
234921
234929
234931
234933
234934
234935
234950
234952
234960
234964
234966
234967
234968
234971
234972
234975
234976
234983
234986
234987
234988
234989
234994
234996
234997
234999
235000
235002
235004
235006
235007
235008
235014
235016
235017
235023
235030
235031
235034
235038
235043
235044
235045
235049
235060
235061
235063
235068
235074
235077
235078
235081
235082
235083
235149
235152
235153
235154
235160
235165
235168
235169
235170
235174
235177
235179
235180
235183
235189
235192
235206
235215
235231
235240
235250
235316
235335
235337
235357
235384
235392
235405
235410
235464
235466
235468
235483
235490
235499
235500
235504
235505
235509
235511
235513
235520
235532
235535
235624
235644
235698
235700
235702
235855
235869
235870
235871
235872
235877
235880
235885
235889
235898
235899
235903
235905
235911
235918
235921
235925
235926
235928
235929
235941
235942
235943
235947
235949
235952
235953
235954
235955
235959
235960
235962
235964
235968
235973
236032
236036
236141
236225
236227
236242
236246
236247
236249
236252
236254
236255
236259
236261
236265
236267
236268
236271
236272
236275
236277
236349
236369
236373
236378
236379
236383
236389
236400
236404
236416
236435
236480
236482
236486
236487
236491
236493
236495
236498
236499
236500
236502
236503
236505
236506
236507
236511
236513
236517
236523
236541
236605
236643
236649
236664
236678
236749
236823
236833
236835
236837
236885
236889
236897
236904
236906
236909
236911
236912
236913
236914
236915
236918
236920
236928
236929
236935
236936
236937
236939
236943
236948
236958
236959
236961
236966
236967
236970
236972
236979
236982
236985
236990
236992
236995
236996
236997
236999
237003
237004
237007
237008
237009
237010
237011
237012
237013
237015
237017
237019
237020
237022
237029
237032
237036
237042
237043
237047
237048
237049
237055
237056
237059
237081
237429
237431
237432
237433
237434
237441
237444
237446
237451
237457
237464
237475
237478
237484
237485
237487
237493
237495
237499
237501
237509
237510
237513
237514
237515
237518
237521
237526
237541
237598
237770
237773
237775
237790
237793
237795
237798
237810
237817
237819
237823
237825
237828
237836
237839
237848
237849
237850
237854
237859
237860
237865
237870
237874
237877
237881
237919
238083
238123
238124
238132
238134
238135
238136
238139
238140
238141
238145
238146
238148
238149
238154
238158
238166
238167
238169
238172
238175
238176
238178
238183
238191
238193
238194
238196
238197
238206
238208
238214
238216
238218
238229
238271
238433
238454
238455
238463
238467
238477
238480
238485
238489
238496
238509
238510
238511
238512
238513
238518
238520
238522
238523
238526
238528
238535
238537
238543
238544
238549
238550
238551
238553
238557
238562
238567
238571
238572
238577
238579
238580
238582
238589
238591
238594
238660
238695
238804
238823
238841
238843
238848
238851
238860
238864
238866
238869
238870
238871
238879
238880
238883
238884
238885
238887
238888
238889
238890
238892
238895
238902
238917
238918
238923
238931
238933
238935
238937
238952
238955
238958
238962
238963
238975
238984
238995
238999
239000
239003
239010
239016
239018
239030
239031
239032
239034
239037
239038
239042
239043
239044
239047
239048
239050
239051
239056
239059
239065
239069
239070
239071
239072
239073
239075
239076
239080
239081
239082
239084
239090
239092
239096
239105
239110
239118
239120
239125
239128
239129
239136
239137
239139
239143
239194
239204
239210
239254
239532
239535
239547
239555
239556
239558
239559
239562
239564
239586
239587
239590
239596
239598
239603
239612
239623
239624
239627
239634
239644
239647
239652
239653
239654
239657
239658
239659
239661
239665
239669
239671
239673
239674
239675
239676
239677
239681
239682
239684
239687
239694
239698
239699
239700
239701
239704
239705
239708
239709
239712
239718
239719
239720
239762
240138
240141
240153
240155
240160
240166
240170
240173
240175
240177
240181
240187
240196
240199
240200
240201
240203
240204
240210
240215
240238
240239
240243
240246
240255
240261
240262
240279
240280
240281
240291
240293
240301
240302
240303
240311
240312
240313
240315
240316
240318
240322
240336
240412
240458
240470
240477
240478
240479
240508
240586
240587
240610
240622
240632
240644
240648
240655
240656
240657
240659
240660
240663
240665
240666
240667
240669
240671
240672
240673
240674
240676
240677
240681
240684
240686
240687
240688
240693
240699
240700
240702
240708
240719
240724
240729
240730
240743
240745
240746
240747
240748
240750
240753
240762
240764
240769
240773
240779
240790
240791
240794
240796
240814
240824
240843
240886
240887
240932
240943
240965
240975
240977
240980
240984
240993
240995
240997
240998
241000
241004
241216
241334
241335
241339
241341
241351
241369
241375
241379
241380
241381
241386
241387
241389
241390
241393
241405
241444
241450
241462
241477
241482
241490
241494
241496
241497
241508
241522
241544
241548
241550
241561
241563
241570
241576
241577
241579
241582
241591
241592
241593
241595
241600
241606
241607
241614
241637
241654
241655
241656
241658
241659
241663
241664
241667
241671
241676
241681
241699
241755
241756
241760
241762
241767
241769
241785
241790
241801
241806
241809
241813
241844
241848
241852
241854
241874
241875
241924
241929
241932
241934
241935
241950
241972
241973
241977
241980
242027
242031
242032
242033
242035
242036
242040
242108
242285
242324
242334
242347
242373
242728
242759
242760
242761
242762
242764
242768
242769
242773
242776
242777
242778
242779
242780
242782
242785
242793
242800
242801
242810
242813
242814
242818
242819
242820
242821
242823
242824
242826
242836
242837
242839
242852
242854
242860
242861
242862
242864
242865
242874
242875
242879
242880
242881
242883
242887
242890
242900
243220
243230
243248
243260
243261
243262
243265
243268
243269
243270
243283
243284
243286
243289
243291
243295
243299
243301
243304
243305
243306
243310
243311
243314
243316
243317
243323
243327
243330
243336
243337
243339
243347
243350
243353
243354
243356
243357
243361
243362
243367
243369
243370
243376
243377
243381
243384
243385
243390
243449
243461
243462
243554
243556
243562
243598
243643
243662
243666
243697
243743
243745
243746
243747
243749
243751
243756
243757
243762
243767
243783
243786
243787
243794
243795
243797
243801
243803
243808
243810
243820
243825
243829
243833
243840
243841
243843
243845
243846
243847
243848
243851
243852
243853
243855
243858
243860
243866
243871
243880
243883
243888
243897
243901
243902
243903
243907
243910
243913
243914
243922
243924
243941
243994
244002
244010
244016
244052
244129
244132
244155
244156
244158
244159
244162
244163
244166
244167
244168
244170
244171
244173
244179
244180
244183
244184
244190
244200
244208
244212
244214
244215
244216
244220
244221
244223
244230
244239
244249
244250
244255
244261
244276
244280
244282
244290
244295
244296
244297
244300
244307
244310
244322
244323
244325
244326
244330
244334
244336
244339
244341
244343
244345
244349
244351
244354
244359
244360
244364
244366
244368
244379
244408
244430
244434
244510
244511
244539
244548
244552
244560
244576
244581
244586
244592
244593
244595
244597
244601
244621
244624
244653
244664
244678
244702
244706
244715
244852
244864
244866
244886
244933
244944
245255
245265
245271
245278
245287
245290
245291
245295
245298
245301
245303
245306
245309
245313
245314
245315
245318
245320
245322
245323
245325
245328
245329
245331
245332
245334
245337
245338
245342
245345
245367
245368
245369
245376
245378
245384
245388
245393
245395
245401
245402
245404
245410
245417
245427
245428
245430
245431
245441
245462
245467
245477
245481
245482
245489
245490
245491
245492
245495
245496
245497
245499
245501
245503
245505
245507
245508
245509
245512
245514
245516
245517
245520
245525
245526
245532
245537
245539
245542
245550
245551
245553
245555
245562
245567
245568
245574
245576
245718
245719
245730
245732
245734
245753
245754
245757
245758
245769
245770
245781
245789
245791
245800
245807
245813
245821
245825
245826
245839
245855
245858
245861
245864
245868
245870
245880
245881
245882
245886
245887
245889
245893
245894
245895
245901
245903
245905
245910
245911
245917
245919
245925
245929
245933
245953
245955
245961
245963
245964
245966
245983
245984
245990
245991
246018
246023
246024
246026
246044
246079
246096
246102
246103
246109
246113
246120
246138
246144
246156
246157
246162
246164
246165
246174
246194
246233
246608
246616
246620
246629
246632
246641
246644
246653
246654
246655
246659
246663
246664
246665
246666
246672
246673
246674
246675
246678
246692
246718
246719
246720
246723
246727
246730
246736
246752
246755
246756
246758
246774
246781
246789
246797
246799
246804
246806
246809
246815
246817
246827
246832
246839
246840
246842
246843
246851
246853
246856
246862
246865
246867
246868
246871
246873
246880
246881
246886
246887
246892
246896
246898
246899
246900
246901
246902
246904
246905
246909
246911
246915
246919
246920
246921
246948
246953
247004
247018
247019
247020
247055
247072
247131
247167
247201
247222
247260
247350
247357
247399
247411
247414
247454
247492
247500
247503
247505
247509
247513
247515
247517
247518
247522
247525
247526
247529
247536
247537
247554
247557
247605
247634
247655
247751
247785
247786
247788
247791
247814
247842
247863
247970
247974
247975
247976
247978
247986
247987
247992
248049
248056
248071
248115
248243
248251
248262
248264
248266
248270
248271
248277
248283
248284
248289
248359
248391
248481
248482
248498
248503
248505
248514
248519
248522
248586
248605
248618
248644
248675
248711
248712
248713
248724
248731
248736
248738
248739
248743
248744
248746
248748
248755
248756
248769
248775
248776
248779
248806
248834
248836
248843
248944
249002
249004
249013
249024
249025
249029
249044
249048
249074
249076
249078
249080
249086
249094
249096
249101
249132
249135
249398
249570
249573
249596
249599
249605
249609
249717
249776
249784
249787
249793
249795
249796
249802
249813
249821
249827
249832
249840
249847
249852
249853
249941
249954
249963
249976
249981
249983
250018
250021
250023
250025
250028
250031
250033
250036
250043
250044
250048
250052
250053
250130
250132
250135
250138
250143
250258
250296
250335
250337
250338
250369
250460
250461
250465
250479
250484
250490
250492
250493
250496
250497
250553
250559
250560
250565
250569
250574
250656
250679
250688
250721
250796
250799
250804
250807
250808
250813
250825
250827
250835
250844
250929
250931
250934
251112
251194
251196
251210
251231
251267
251301
251337
251413
251417
251424
251432
251435
251438
251441
251446
251454
251455
251458
251501
251577
251580
251588
251594
251597
251775
251938
251965
251975
251981
251982
251989
252139
252154
252164
252221
252222
252223
252229
252271
252272
252279
252286
252303
252312
252313
252318
252319
252329
252332
252333
252337
252339
252341
252355
252374
252378
252380
252387
252499
252502
252516
252656
252664
252676
252677
252687
252694
252695
252699
252706
252774
252809
252810
253014
253121
253124
253129
253152
253195
253208
253227
253246
253247
253255
253266
253323
253333
253450
253523
253533
253537
253540
253542
253543
253546
253567
253568
253577
253582
253583
253590
253593
253600
253609
253615
253620
253621
253622
253684
253687
253688
253693
253744
253748
253753
253761
254106
254107
254128
254148
254198
254362
254365
254369
254370
254394
254413
254424
254430
254433
254435
254494
254501
254503
254508
254635
254731
254791
254868
254875
254913
254938
254972
255078
255093
255250
255253
255321
255381
255385
255386
255395
255399
255445
255460
255463
255470
255477
255491
255495
255565
255568
255576
255583
255901
255929
256023
256035
256065
256116
256124
256168
256227
256228
256239
256269
256281
256284
256315
256316
256331
256337
256343
256348
256356
256387
256469
256470
256474
256482
256579
256867
256877
256916
256927
256951
257002
257063
257135
257156
257164
257170
257184
257185
257187
257188
257195
257208
257210
257211
257241
257245
257250
257251
257264
257286
257304
257333
257402
257443
257451
257589
257613
257618
257779
257803
257815
257828
257841
257862
257867
257869
257870
257878
257879
257887
257920
258113
258127
258129
258286
258290
258298
258299
258310
258314
258317
258330
258335
258336
258341
258343
258344
258345
258346
258348
258349
258353
258354
258356
258357
258360
258361
258366
258367
258368
258379
258388
258398
258410
258412
258415
258419
258420
258422
258425
258426
258438
258442
258449
258453
258454
258465
258468
258480
258485
258486
258487
258488
258491
258500
258503
258505
258507
258510
258512
258513
258514
258515
258517
258519
258526
258531
258535
258536
258540
258541
258542
258543
258547
258549
258550
258557
258560
258563
258564
258567
258568
258574
258576
258583
258584
258588
258591
258596
258618
258644
258645
258651
258688
258700
258704
258721
258738
258874
258875
258880
258884
258886
258889
258890
258891
258900
258901
258903
258909
258910
258912
258924
258935
258949
258950
258951
258953
258954
258955
258959
258960
258961
258965
258966
258968
258970
258973
258980
258982
258985
258986
258994
258995
258996
258997
259009
259011
259012
259014
259015
259021
259023
259024
259025
259030
259033
259034
259035
259041
259044
259047
259049
259057
259061
259079
259082
259089
259090
259107
259108
259131
259183
259409
259424
259427
259428
259429
259430
259432
259433
259434
259435
259438
259442
259444
259453
259455
259475
259476
259480
259486
259489
259492
259505
259506
259510
259513
259514
259520
259535
259546
259550
259551
259552
259553
259572
259575
259579
259581
259584
259588
259592
259595
259597
259598
259603
259604
259609
259611
259612
259615
259617
259618
259622
259624
259628
259629
259633
259635
259649
259651
259652
259655
259661
259709
259722
259728
259731
259732
259775
259797
259850
259933
259936
259937
259942
259945
259946
259955
259961
260022
260024
260025
260027
260049
260054
260058
260067
260068
260069
260073
260074
260080
260087
260108
260110
260112
260119
260189
260224
260302
260313
260315
260316
260321
260322
260323
260333
260345
260348
260354
260356
260357
260358
260361
260362
260365
260368
260370
260373
260375
260376
260377
260381
260383
260384
260385
260386
260388
260391
260402
260403
260416
260423
260424
260429
260434
260437
260454
260458
260493
260495
260499
260575
260585
260654
260743
260750
260753
260756
260757
260764
260765
260793
260803
260811
260830
260844
260849
260853
260859
260860
260861
260864
260865
260866
260868
260870
260873
260878
260883
260884
260885
260886
260887
260889
260896
260904
260910
260911
260914
260917
260937
260942
260956
260957
260958
260962
260965
260966
260970
260971
261037
261087
261097
261105
261327
261349
261354
261355
261361
261366
261369
261370
261374
261375
261377
261379
261385
261387
261389
261410
261416
261421
261432
261435
261436
261437
261443
261450
261453
261454
261455
261456
261457
261458
261461
261462
261465
261466
261469
261470
261478
261479
261481
261483
261490
261492
261493
261495
261496
261500
261502
261503
261509
261511
261513
261516
261518
261519
261522
261526
261528
261529
261532
261556
261569
261588
261598
261606
261613
261614
261647
261658
261669
261757
261758
261763
261768
261787
261789
261790
261791
261792
261793
261795
261801
261802
261889
261897
261904
261973
262037
262041
262042
262059
262064
262067
262068
262080
262092
262096
262098
262099
262100
262101
262102
262112
262115
262119
262122
262127
262131
262135
262136
262138
262141
262145
262148
262151
262154
262158
262168
262171
262172
262177
262179
262185
262186
262189
262194
262196
262197
262201
262225
262263
262270
262277
262311
262469
262473
262478
262491
262492
262506
262508
262514
262517
262518
262573
262576
262603
262840
262848
262853
262856
262863
262866
262871
262877
262939
263014
263178
263187
263223
263297
263304
263307
263535
263536
263540
263575
263577
263584
263589
263611
263613
263615
263616
263624
263626
263629
263634
263648
263650
263660
263718
263764
263865
263868
264106
264108
264109
264112
264114
264116
264117
264118
264121
264122
264124
264125
264128
264129
264132
264380
264382
264385
264388
264390
264393
264395
264397
264399
264401
264402
264404
264407
264411
264416
264424
264425
264426
264431
264439
264452
264454
264457
264459
264464
264467
264471
264473
264477
264479
264483
264484
264485
264489
264490
264493
264494
264497
264498
264500
264502
264504
264505
264507
264508
264512
264513