94
156
207
224
262
307
308
310
315
316
319
320
324
326
327
328
338
374
496
501
502
514
518
526
730
1040
1073
1074
1076
1077
1079
1080
1081
1082
1083
1088
1089
1092
1093
1098
1101
1103
1105
1108
1110
1111
1113
1114
1119
1172
1173
1182
1293
1322
1331
1357
1374
1375
1379
1383
1402
1409
1412
1413
1464
1467
1472
1473
1474
1475
1478
1483
1486
1489
1490
1491
1492
1581
1582
1593
1608
1731
1883
1884
1894
1895
1897
1898
1907
1910
1911
1982
1987
1992
1996
2051
2295
2380
2515
2538
2716
2718
2723
2726
2727
2730
2732
2736
2737
2753
2758
2770
2939
2993
3098
3102
3115
3120
3230
3235
3237
3244
3278
3322
3326
3332
3337
3338
3339
3341
3342
3344
3345
3346
3349
3351
3353
3355
3364
3365
3372
3379
3380
3382
3384
3387
3389
3392
3393
3395
3400
3404
3405
3406
3407
3494
3751
3785
3786
3787
3790
3792
3794
3795
3796
3806
3821
3823
3925
3928
3930
3931
3938
3940
3942
3947
3951
3954
3986
4124
4128
4134
4284
4453
4462
4469
4470
4472
4490
4492
4494
4505
4675
4677
4679
4684
4701
4705
4710
4763
4764
4768
4773
4774
4775
4776
4777
4781
4783
4784
4786
4787
4793
4796
4799
4802
4804
4806
4816
4818
4819
4821
4823
4825
4827
4831
4836
4838
4840
4842
4843
4845
4847
4848
4849
4850
4854
4856
4866
4940
4961
5159
5170
5171
5173
5176
5177
5201
5215
5217
5221
5381
5383
5385
5649
5661
5670
5688
5699
5700
5701
5704
5708
5711
5713
5722
5723
5727
5729
5733
5735
5736
5737
5738
5740
5741
5742
5744
5745
5746
5748
5751
5752
5753
5754
5756
5758
5759
5761
5762
5763
5764
5767
5849
6388
6458
6486
6488
6489
6490
6491
6492
6493
6498
6499
6500
6506
6507
6509
6512
6514
6517
6519
6528
6530
6532
6537
6542
6547
6549
6550
6552
6553
6557
6558
6561
6562
6563
6564
6565
6572
7026
7114
7416
7418
7420
7422
7425
7428
7431
7435
7436
7437
7444
7445
7447
7452
7458
7461
7464
7477
7479
7488
7489
7493
7496
7612
7873
7893
7912
7914
7916
7919
7928
7931
8058
8061
8073
8165
8187
8191
8193
8194
8207
8214
8243
8249
8253
8257
8260
8261
8262
8265
8267
8268
8269
8272
8273
8279
8283
8285
8293
8297
8298
8300
8301
8306
8307
8308
8311
8318
8323
8326
8328
8330
8331
8333
8334
8398
8401
8404
8405
8423
8519
8539
8547
8618
9975
9987
10009
10015
10029
10031
10059
10098
10124
10150
10175
10179
10182
10217
10268
10362
10364
10367
10371
10377
10380
10382
10388
10392
10394
10400
10406
10419
10423
10627
10634
10645
10655
10656
10662
10663
10667
10669
10672
10674
10684
10691
10696
10698
10706
10873
10883
10887
10903
10961
10962
10963
10968
10975
10981
10985
10998
11070
11074
11079
11081
11083
11084
11089
11091
11095
11096
11102
11106
11111
11114
11118
11120
11121
11123
11124
11126
11127
11128
11131
11133
11135
11138
11222
11223
11229
11499
11552
11665
11666
11667
11678
11679
11682
11697
11699
11700
11715
11720
11724
11888
11889
11892
11899
11901
11920
12042
12230
12245
12246
12249
12260
12261
12270
12273
12275
12279
12391
12401
12402
12406
12484
12498
12502
12505
12509
12527
12558
12572
12605
12609
12610
12611
12613
12614
12616
12620
12629
12632
12633
12638
12641
12647
12648
12649
12650
12653
12657
12659
12660
12663
12664
12667
12668
12669
12670
12671
12674
12823
12849
12852
12866
12979
13011
13021
13027
13032
13033
13034
13035
13036
13038
13039
13040
13042
13043
13045
13047
13048
13049
13050
13051
13054
13055
13057
13060
13062
13063
13064
13067
13072
13073
13076
13077
13078
13079
13080
13081
13083
13084
13089
13091
13092
13096
13097
13098
13099
13100
13102
13104
13105
13106
13107
13110
13112
13113
13114
13115
13116
13119
13120
13121
13123
13124
13126
13127
13128
13131
13132
13133
13135
13137
13138
13139
13140
13145
13146
13148
13155
13160
13161
13166
13170
13177
13179
13187
13189
13190
13196
13199
13209
13211
13214
13311
13316
13357
13413
13450
13452
13453
13457
13461
13462
13476
14074
14287
14321
14381
14461
14462
14467
14620
14622
14624
14630
14635
14637
14638
14643
14644
14655
14844
14845
14846
14849
14851
14855
14856
14862
14863
14866
14867
14870
14875
14877
15117
15285
15347
15545
15558
15612
15614
15615
15619
15620
15622
15623
15624
15625
15627
15628
15631
15635
15636
15639
15641
15642
15643
15645
15648
15651
15652
15657
15658
15659
15708
15715
15832
15833
15837
15839
15841
15854
15861
15863
15864
15868
15878
15890
16097
16102
16115
16116
16119
16123
16126
16129
16131
16134
16147
16293
16297
16298
16301
16304
16306
16309
16311
16312
16313
16319
16322
16323
16327
16424
16432
16627
16642
16879
16938
17072
17371
17374
17378
17385
17388
17391
17401
17405
17410
17412
17416
17420
17551
17552
17553
17556
17999
18038
18053
18089
18315
18320
18323
18633
18653
18770
18783
18784
18786
18789
18795
18808
18832
18835
18837
18839
18840
18841
18842
18921
18923
18926
18936
19343
19378
19379
19596
19597
19599
19602
19605
19612
19614
19615
19617
19619
19621
19622
19623
19624
19625
19744
19781
19836
19837
19978
19982
19984
20313
20314
20368
20376
20382
20383
20384
20388
20389
20390
20391
20392
20393
20394
20395
20396
20398
20402
20408
20414
20419
20424
20425
20435
20436
20438
20441
20448
20449
20450
20452
20486
20487
20503
20708
20722
20759
20784
20988
21009
21064
21234
21243
21261
21265
21460
21464
21591
21595
21597
21606
21609
21613
21619
21621
21623
21646
21659
21662
21663
21664
21665
21666
21667
21668
21669
21670
21673
21674
21676
21679
21682
21699
21703
21704
21841
21892
21894
21904
21963
21965
21966
21968
21969
21973
21977
21978
21979
21980
21981
21983
21984
21985
21986
21987
21988
21989
21990
21993
21994
21995
21997
22003
22004
22005
22006
22008
22010
22013
22017
22023
22025
22026
22030
22031
22033
22035
22036
22041
22043
22046
22050
22057
22058
22060
22063
22064
22068
22069
22071
22075
22078
22137
22390
22391
22393
22410
22423
22430
22439
22450
22462
22463
22692
22697
22699
22702
22739
22740
22741
22746
22747
22755
22760
22761
22762
22767
22773
22774
22777
22778
22779
22780
22782
22783
22788
22789
22790
22792
22793
22795
22796
22801
23210
23214
23285
23491
23495
23500
23502
23504
23508
23514
23520
23527
23529
23538
23550
23551
23556
23719
23723
23909
24381
24388
24394
24415
24428
24546
24580
24588
24680
24682
24704
24778
24781
24782
24786
24791
24792
24793
24796
24797
24806
24817
24818
24819
24821
24822
24823
24826
24827
24828
24829
24830
24831
24835
24837
24838
24839
24842
24843
24885
24896
25447
25477
25487
25514
25517
25519
25532
25549
25588
25615
25618
25620
25623
25624
25625
25626
25637
25644
25645
25719
25722
25724
25726
25837
25901
25904
25911
25918
26103
26445
26460
26461
26478
26480
26481
26485
26487
26495
26496
26838
26853
26877
26881
26882
26890
27202
27318
27326
27332
27343
27369
27370
27511
27516
27520
27835
27843
27853
27855
27856
27860
27861
27863
27864
27871
27875
27881
27885
27893
27896
27898
27986
28016
28389
28392
28648
28742
28744
28746
28747
28759
28763
28765
28774
28775
28786
28794
28795
28797
28799
28805
29002
29067
29231
29258
29265
29270
29271
29272
29273
29274
29278
29284
29285
29286
29288
29296
29303
29313
29470
29471
29478
29491
29492
29600
29603
29649
29651
29656
29657
29662
29673
29677
29681
29682
29687
29688
29689
29690
29694
29695
29697
29704
29794
29795
29803
29804
29805
29836
29989
30009
30011
30015
30018
30054
30150
30153
30159
30217
30268
30270
30272
30287
30291
30305
30312
30313
30314
30316
30317
30319
30322
30324
30325
30326
30329
30330
30331
30335
30336
30337
30340
30343
30344
30345
30347
30349
30350
30351
30352
30353
30354
30356
30357
30358
30360
30361
30362
30364
30365
30367
30368
30369
30370
30372
30374
30375
30376
30377
30378
30379
30380
30381
30382
30383
30384
30385
30386
30389
30390
30391
30392
30393
30395
30396
30397
30398
30400
30401
30403
30404
30405
30406
30410
30411
30412
30413
30417
30418
30419
30420
30421
30423
30425
30426
30427
30428
30429
30432
30433
30434
30435
30436
30440
30441
30444
30445
30446
30447
30448
30449
30450
30451
30452
30454
30455
30456
30457
30458
30459
30460
30462
30464
30465
30467
30468
30469
30472
30477
30478
30480
30481
30482
30489
30490
30491
30492
30493
30497
30501
30502
30510
30513
30520
30530
30666
30667
30669
31062
31117
31426
31430
31435
31437
31459
31657
31775
31776
31777
31778
31779
31781
31782
31783
31785
31786
31787
31792
31794
31890
32368
32373
32383
32404
32542
32546
32548
32555
32556
32559
32565
32584
32790
32797
33132
33135
33139
33141
33334
33346
33378
33406
33410
33427
33451
33458
33466
33552
33571
33580
33617
33855
33862
33870
33874
33881
33887
33888
33889
33891
33894
33985
34559
34590
34601
34627
34872
34963
35004
35036
35064
35067
35069
35163
35212
35213
35214
35218
35219
35221
35227
35228
35233
35235
35239
35244
35249
35253
35254
35334
35589
35621
35700
35723
35724
35728
35730
35756
35767
35768
35769
35770
35772
35773
35775
35779
35791
35792
35793
35794
35795
35800
35804
35806
35808
35810
35811
35813
35814
35817
35818
35819
35825
35827
35830
35831
35895
35897
35902
35906
35912
36105
36164
36166
36168
36169
36170
36171
36172
36174
36175
36177
36178
36179
36181
36182
36184
36185
36187
36188
36189
36191
36192
36194
36200
36201
36202
36203
36204
36205
36206
36207
36208
36209
36210
36211
36215
36226
36284
36451
36462
36465
36468
36473
36474
36477
36481
36487
36495
36499
36504
36729
36732
36734
36736
36737
36739
36740
36741
36744
36745
36747
36751
36755
36827
36830
36889
36909
36923
36944
36964
36971
36989
37130
37198
37202
37204
37544
37549
37558
37559
37563
37565
37566
37568
37573
37574
37575
37579
37581
37582
37587
37593
37741
37746
37753
37756
37758
37765
37856
37886
37889
37895
38051
38069
38074
38080
38087
38096
38165
38169
38175
38176
38177
38180
38181
38182
38183
38184
38185
38188
38192
38198
38200
38201
38202
38204
38208
38209
38210
38211
38212
38214
38215
38216
38218
38221
38223
38224
38226
38227
38230
38231
38232
38233
38235
38237
38238
38239
38240
38241
38242
38243
38244
38245
38246
38248
38249
38250
38251
38252
38253
38254
38255
38256
38258
38259
38261
38265
38266
38268
38269
38270
38271
38273
38274
38276
38278
38279
38280
38281
38282
38283
38284
38287
38288
38290
38292
38293
38294
38295
38297
38298
38299
38301
38302
38303
38304
38305
38306
38307
38308
38310
38312
38313
38314
38315
38316
38318
38319
38320
38321
38322
38323
38325
38326
38328
38329
38334
38335
38339
38340
38343
38345
38346
38409
38413
38418
38421
38436
38438
38439
38451
38505
38661
38684
38781
38783
38798
38801
38803
38805
38859
38868
38875
38879
38880
38881
38953
38967
39003
39004
39005
39006
39008
39009
39010
39011
39012
39014
39020
39021
39022
39026
39027
39189
39191
39193
39194
39196
39211
39650
39660
39665
39666
39668
39669
39671
39673
39677
39681
39687
39688
39693
39699
39707
39713
39974
39983
39988
40043
40047
40050
40052
40056
40057
40060
40065
40067
40068
40071
40072
40073
40074
40075
40076
40077
40080
40081
40083
40088
40100
40102
40104
40106
40109
40111
40113
40114
40115
40116
40117
40120
40123
40125
40126
40127
40128
40129
40133
40134
40258
40262
40263
40265
40268
40276
40280
40288
40315
40320
40356
40387
40397
40408
40412
40413
40414
40415
40416
40418
40425
40428
40429
40432
40434
40435
40438
40439
40440
40442
40445
40446
40447
40448
40453
40456
40460
40461
40463
40466
40467
40470
40471
40474
40477
40480
40487
40489
40493
40494
40584
40588
40590
40902
40905
40911
40918
40929
40933
40937
40938
40954
41085
41109
41142
41169
41192
41196
41200
41202
41203
41204
41208
41209
41212
41216
41219
41220
41221
41222
41223
41228
41229
41230
41233
41237
41238
41240
41334
41342
41487
41573
41574
41575
41578
41579
41580
41582
41588
41589
41590
41591
41592
41593
41597
41598
41599
41606
41620
41621
41622
41626
41631
41637
41638
41641
41644
41867
41873
42090
42091
42100
42101
42103
42104
42105
42106
42107
42113
42117
42122
42124
42130
42134
42296
42299
42308
42309
42310
42321
42439
42442
42443
42446
42449
42450
42473
42477
42480
42481
42486
42489
42490
42491
42492
42493
42495
42496
42497
42499
42500
42501
42503
42505
42507
42508
42638
42641
42646
42647
42649
42653
42656
42749
42778
42780
42787
42791
42792
42796
42801
42802
42806
42808
42809
42814
42816
42818
42821
42826
42828
42829
42830
42841
42847
42855
42856
42859
42863
42866
42868
42870
42887
42894
42898
42901
42902
42904
42906
42909
42911
42918
42923
42924
42927
42933
42935
42936
42940
42942
42943
42944
42945
42946
42947
42951
42953
42954
42956
42958
42962
42965
42967
42969
42970
42971
42973
42974
42975
42976
42977
42978
42979
42980
42981
42982
42983
42987
42988
42992
42994
42995
42996
42997
42998
43001
43002
43005
43006
43007
43008
43012
43015
43019
43020
43021
43023
43024
43025
43026
43028
43030
43031
43032
43033
43034
43040
43041
43043
43048
43052
43053
43055
43056
43061
43328
43331
43334
43338
43341
43346
43351
43352
43356
43357
43364
43365
43372
43377
43385
43659
43669
43672
43690
43692
43696
43702
43703
43707
43711
43713
43716
43717
43720
43730
43732
43742
43794
43944
43946
43954
43955
43958
44194
44205
44360
44361
44675
44776
44782
44789
44797
44800
44806
44807
44840
44856
45048
45050
45071
45282
45305
45434
45663
45667
45669
45676
45683
45695
45741
45755
45762
45767
45769
45773
45774
45777
45851
45872
45932
46042
46048
46068
46257
46259
46261
46579
46583
46587
46590
46598
46599
46607
46611
46618
46620
46647
46775
46778
46908
46936
46949
47034
47036
47040
47204
47588
47592
47596
47600
47604
47608
47612
47616
47618
47622
47729
47748
47777
47783
47841
47842
47843
47844
47847
47849
47850
47852
47853
47854
47859
47861
47862
47864
47865
47866
47868
47869
47870
47871
47872
47873
47874
47875
47878
47880
47881
47882
47883
47884
47885
47886
47887
47888
47890
47891
47893
47894
47895
47897
47899
47900
47902
47904
47905
47909
47911
47912
47915
47916
47917
47924
47926
47932
47944
47945
47949
47953
47954
47955
47956
47957
47965
47967
47968
47970
47975
47985
48006
48016
48054
48068
48080
48082
48316
48377
48918
48934
48946
48954
48957
48958
49148
49168
49171
49239
49246
49253
49269
49274
49294
49356
49358
49360
49365
49366
49368
49370
49373
49374
49375
49382
49387
49388
49390
49396
49397
49399
49400
49402
49404
49413
49414
49423
49429
49436
49439
49481
49668
49699
49759
49765
49771
49799
49804
49814
49815
49816
49819
49828
50073
50096
50263
50265
50274
50279
50285
50297
50299
50301
50343
50358
50359
50372
50382
50434
50458
50510
50516
50521
50628
50633
50653
50713
50714
50716
50717
50718
50720
50723
50724
50725
50726
50728
50729
50730
50733
50734
50735
50736
50738
50739
50740
50742
50743
50745
50749
50750
50753
50754
50757
50758
50760
50762
50764
50766
50767
50768
50769
50772
50776
50779
50781
50782
50783
50785
50786
50789
50793
50796
50797
50798
50800
50804
50812
50823
50825
50826
50830
50832
50835
50836
50839
50841
50849
50852
50855
50856
50857
50858
50860
50861
50865
50866
51099
51100
51108
51143
51161
51164
51166
51170
51193
51554
51604
51613
51748
51750
51754
51759
51764
51769
51784
51785
51787
51790
51796
51797
51799
51800
51801
51802
51803
51805
51807
51809
51811
51812
51813
51814
51815
51817
51819
51821
51822
51823
51824
51826
51827
51829
51830
51831
51832
51833
51834
51835
51837
51838
51839
51840
51842
51843
51846
51848
51849
51850
51851
51852
51853
51855
51857
51859
51860
51861
51864
51865
51866
51867
51869
51870
51871
51872
51874
51877
51879
51880
51881
51886
51888
51891
51893
51894
51895
51896
51899
51900
51901
51902
51906
51908
51909
51910
51912
51913
51918
51919
51920
51921
51922
51923
51928
51934
51936
51938
51940
51944
51946
51948
51950
51952
51953
51956
51958
52000
52008
52009
52153
52157
52177
52190
52192
52204
52209
52210
52212
52226
52281
52283
52284
52304
52502
52506
52511
52514
52515
52520
52526
52598
52632
52633
52634
52644
52646
52647
52648
52651
52656
52661
52670
52673
52674
52679
52688
52689
52692
52695
52699
52703
52707
52710
52711
52715
52719
52725
52727
52730
52733
52736
52740
52742
52743
52744
52746
52747
52750
52752
52756
52757
52759
52760
52761
52765
52766
52767
52772
52773
52774
52775
52776
52779
52781
52782
52783
52784
52786
52787
52788
52789
52790
52792
52793
52794
52795
52796
52797
52799
52800
52801
52802
52803
52804
52805
52806
52807
52811
52812
52813
52814
52815
52816
52817
52818
52820
52821
52822
52823
52824
52825
52826
52827
52828
52829
52831
52832
52833
52834
52835
52836
52837
52838
52840
52841
52842
52843
52845
52847
52848
52852
52854
52855
52857
52860
52861
52862
52863
52865
52867
52868
52870
52871
52872
52873
52876
52877
52878
52880
52881
52882
52883
52886
52887
52889
52890
52892
52893
52894
52895
52896
52898
52899
52902
52903
52904
52908
52910
52911
52912
52913
52914
52915
52916
52917
52918
52919
52923
52927
52928
52929
52930
52931
52932
52933
52936
52939
52941
52944
52947
52948
52949
52950
52951
52958
52961
52965
52966
52987
52998
53034
53053
53245
53247
53379
53430
53454
53717
53803
53827
53864
53865
53866
53868
53881
53882
53892
53895
53941
53977
54063
54067
54068
54069
54073
54075
54077
54080
54081
54084
54086
54089
54090
54091
54099
54103
54109
54110
54113
54114
54116
54118
54119
54120
54121
54122
54124
54125
54129
54137
54140
54147
54148
54151
54207
54312
54313
54322
54352
54354
54356
54636
54660
54693
54707
54724
54845
54869
54874
54883
54884
54885
54886
54887
54889
54890
54892
54895
54896
54897
54898
54899
54900
54901
54902
54904
54905
54907
54909
54910
54911
54912
54913
54914
54915
54916
54917
54918
54919
54920
54922
54923
54924
54926
54927
54928
54929
54930
54931
54932
54933
54934
54935
54936
54937
54938
54939
54940
54941
54942
54943
54944
54945
54946
54947
54948
54949
54950
54951
54952
54953
54954
54955
54956
54957
54958
54962
54963
54964
54965
54966
54967
54968
54970
54972
54973
54974
54976
54977
54978
54979
54982
54983
54984
54985
54986
54987
54988
54990
54991
54992
54993
54994
54995
54996
54997
54998
55000
55001
55002
55003
55004
55005
55006
55007
55008
55009
55010
55011
55013
55014
55016
55017
55020
55021
55022
55023
55024
55025
55029
55031
55033
55034
55035
55037
55038
55040
55041
55042
55043
55049
55050
55051
55052
55054
55056
55057
55060
55063
55064
55065
55066
55068
55069
55072
55073
55075
55076
55079
55080
55081
55083
55084
55088
55089
55090
55092
55095
55097
55098
55102
55107
55108
55114
55115
55119
55120
55121
55126
55127
55129
55130
55135
55141
55142
55145
55153
55156
55160
55161
55166
55173
55175
55190
55225
55330
55335
55363
55609
55636
56060
56073
56093
56186
56194
56197
56209
56242
56257
56358
56365
56368
56373
56379
56386
56442
56444
56446
56451
56452
56453
56457
56458
56460
56462
56464
56465
56466
56467
56468
56469
56470
56471
56474
56480
56482
56483
56484
56486
56489
56492
56493
56500
56502
56503
56505
56508
56513
56517
56779
56842
56865
56873
56899
56920
57019
57027
57028
57050
57103
57135
57136
57158
57179
57233
57238
57239
57242
57246
57249
57250
57251
57256
57258
57260
57261
57262
57263
57264
57266
57268
57270
57271
57274
57275
57276
57277
57278
57279
57280
57281
57282
57283
57284
57285
57286
57287
57288
57289
57290
57291
57292
57293
57294
57296
57297
57298
57299
57300
57301
57303
57304
57305
57306
57307
57309
57310
57311
57314
57316
57317
57318
57319
57320
57321
57322
57323
57325
57327
57330
57331
57332
57334
57335
57337
57338
57343
57346
57347
57350
57352
57354
57358
57361
57363
57364
57365
57366
57367
57368
57369
57372
57373
57374
57375
57376
57377
57378
57379
57380
57381
57383
57385
57386
57392
57393
57396
57399
57401
57403
57407
57408
57410
57413
57414
57418
57613
57615
57616
57628
57634
57642
57645
57730
57745
57765
57780
57784
57795
57822
57827
57839
57849
57885
57900
57901
58078
58125
58135
58137
58142
58144
58251
58274
58276
58278
58279
58280
58283
58284
58286
58289
58290
58293
58294
58297
58298
58299
58301
58303
58304
58305
58307
58309
58310
58311
58312
58314
58316
58317
58318
58319
58321
58322
58323
58324
58325
58326
58327
58328
58329
58330
58331
58332
58333
58334
58335
58336
58339
58340
58341
58342
58343
58344
58345
58346
58347
58348
58349
58350
58351
58353
58354
58355
58356
58357
58358
58360
58362
58363
58365
58367
58372
58373
58374
58376
58380
58383
58385
58386
58387
58388
58389
58390
58391
58392
58393
58394
58395
58400
58401
58402
58403
58405
58406
58407
58409
58410
58411
58412
58413
58417
58418
58420
58421
58424
58429
58431
58434
58435
58440
58442
58445
58455
58457
58458
58460
58468
58474
58475
58482
58483
58490
58502
58504
58590
58595
58597
58836
58845
58883
58915
58937
58939
58950
59073
59084
59089
59091
59102
59143
59193
59214
59220
59222
59224
59232
59236
59244
59245
59247
59250
59252
59256
59257
59258
59259
59260
59261
59262
59263
59264
59265
59270
59271
59274
59275
59278
59280
59281
59285
59288
59291
59295
59299
59301
59302
59303
59304
59305
59306
59308
59310
59311
59313
59484
59530
59765
59769
59774
59800
59802
59825
59840
59891
59894
59896
59899
59909
59913
59918
59919
59925
59929
59931
59933
59934
59936
59937
59939
59941
59943
59944
59946
59947
59949
59951
59952
59957
59958
59961
59964
59965
59967
59968
59970
59974
59975
59977
59978
59981
59984
59985
59987
59989
59992
59994
59996
59998
60002
60004
60007
60008
60032
60048
60049
60050
60052
60055
60056
60066
60070
60071
60072
60076
60078
60081
60082
60086
60088
60091
60098
60101
60106
60111
60113
60115
60116
60117
60118
60120
60122
60123
60125
60126
60128
60129
60130
60131
60134
60135
60136
60137
60138
60141
60142
60147
60152
60153
60155
60158
60176
60189
60207
60216
60247
60250
60276
60293
60328
60342
60346
60365
60452
60454
60455
60456
60458
60459
60461
60463
60468
60470
60474
60476
60477
60478
60482
60483
60485
60487
60489
60490
60492
60497
60500
60502
60504
60507
60509
60511
60513
60515
60516
60518
60521
60523
60524
60528
60530
60532
60533
60535
60538
60541
60550
60552
60558
60564
60565
60569
60575
60577
60581
60582
60594
60595
60598
60600
60754
60768
60883
60886
60893
60896
60924
60975
60994
61010
61020
61028
61030
61032
61033
61035
61036
61038
61040
61041
61048
61050
61051
61052
61054
61055
61056
61059
61061
61062
61063
61065
61066
61067
61068
61069
61070
61071
61072
61074
61077
61078
61080
61081
61083
61084
61085
61086
61087
61088
61091
61092
61093
61094
61095
61096
61097
61098
61099
61100
61101
61102
61104
61105
61106
61107
61108
61109
61110
61111
61112
61113
61114
61115
61116
61118
61120
61121
61122
61123
61124
61126
61127
61128
61130
61132
61135
61137
61138
61139
61140
61141
61143
61148
61150
61151
61152
61153
61154
61155
61156
61158
61159
61161
61162
61163
61165
61167
61168
61169
61170
61171
61172
61173
61175
61176
61177
61182
61183
61184
61185
61186
61187
61188
61189
61190
61191
61192
61195
61196
61198
61199
61200
61202
61204
61208
61209
61211
61212
61214
61215
61216
61220
61228
61229
61232
61239
61243
61246
61254
61256
61260
61265
61706
61757
61758
61794
61824
61944
61953
61964
61966
61996
62037
62041
62044
62052
62068
62083
62085
62087
62088
62089
62091
62092
62096
62097
62098
62102
62103
62104
62107
62109
62110
62112
62114
62115
62118
62120
62121
62123
62125
62126
62127
62128
62129
62130
62131
62133
62134
62135
62137
62139
62140
62141
62142
62143
62144
62145
62146
62147
62148
62151
62152
62153
62155
62156
62157
62160
62161
62162
62163
62166
62167
62168
62169
62170
62171
62174
62175
62176
62177
62178
62179
62183
62185
62186
62188
62189
62190
62191
62192
62193
62194
62196
62197
62200
62201
62202
62203
62204
62205
62208
62209
62211
62214
62215
62216
62217
62218
62219
62223
62224
62226
62227
62238
62242
62248
62249
62255
62256
62261
62265
62266
62273
62275
62276
62278
62281
62283
62286
62290
62292
62301
62385
62463
62641
62643
62646
62648
62652
62662
62667
62694
62805
62826
62984
62989
62996
62998
62999
63001
63004
63157
63164
63501
63506
63513
63517
63523
63531
63533
63537
63543
63546
63548
63562
63671
63679
63687
63692
63694
63787
63799
63814
63819
63820
63825
63826
63829
63834
63836
63837
63839
63840
63842
63844
63845
63846
63847
63848
63849
63850
63854
63855
63856
63857
63858
63859
63863
63865
63867
63870
63871
63873
63874
63875
63876
63877
63878
63880
63881
63883
63884
63885
63887
63889
63890
63892
63893
63894
63895
63897
63898
63899
63901
63902
63903
63905
63906
63907
63908
63909
63910
63911
63912
63913
63914
63915
63916
63917
63918
63919
63920
63921
63923
63924
63925
63926
63927
63928
63930
63931
63932
63933
63934
63935
63936
63937
63938
63939
63941
63942
63943
63945
63950
63951
63954
63957
63958
63960
63961
63964
63965
63966
63968
63969
63972
63973
63974
63977
63978
63980
63982
63986
63988
63989
63991
63993
63994
63995
63997
63998
64001
64158
64161
64168
64174
64178
64209
64313
64314
64330
64360
64622
64641
64644
64653
64668
64685
64691
64766
64773
64776
64792
64793
64845
64906
64907
64908
64914
64918
65002
65214
65242
65253
65275
65458
65575
65635
65636
65641
65644
65663
65674
65740
65746
65819
65827
65828
65830
65834
65837
65838
65839
65842
65843
65846
65847
65851
65852
65853
65855
65865
65866
65867
65872
65875
65876
65877
65890
65891
65893
65894
65897
65898
65905
65909
65942
66021
66074
66087
66134
66137
66142
66146
66161
66164
66165
66187
66191
66192
66430
66438
66439
66454
66455
66456
66458
66459
66460
66461
66462
66463
66465
66471
66479
66612
66616
66704
66710
66712
66722
66723
66731
66732
66733
66734
66738
66739
66740
66744
66748
66750
66752
66753
66759
66765
66766
66768
66772
66778
66781
66783
66784
66787
66791
66793
66794
66796
66797
66798
66799
66802
66804
66806
66808
66809
66810
66811
66812
66816
66817
66818
66820
66821
66822
66823
66824
66825
66826
66827
66830
66831
66834
66835
66836
66837
66838
66840
66842
66843
66845
66846
66847
66848
66849
66850
66851
66853
66856
66857
66858
66859
66860
66861
66862
66863
66864
66866
66868
66869
66870
66871
66873
66874
66875
66876
66877
66878
66879
66880
66881
66883
66884
66886
66888
66889
66890
66891
66892
66894
66895
66897
66899
66900
66903
66904
66905
66907
66910
66911
66912
66913
66914
66915
66916
66917
66918
66922
66923
66927
66928
66929
66931
66934
66935
66938
66939
66943
66944
66945
66949
66950
66951
66952
66956
66958
66960
66961
66963
66965
66968
66973
66974
66978
66981
66982
66983
66987
66988
66993
66997
67001
67002
67029
67031
67220
67223
67230
67551
67563
67564
67567
67700
67736
67769
67778
67848
67926
67927
67928
67934
67935
67936
67937
67938
67943
67944
67947
67950
67953
67960
67968
67970
67973
67976
67981
67982
67983
67988
67992
67995
67997
68004
68006
68335
68339
68353
68363
68365
68368
68373
68374
68375
68377
68428
68431
68439
68444
68449
68459
68631
68640
68648
68654
68675
68683
68686
68694
68795
68799
68816
69172
69178
69184
69193
69195
69196
69252
69404
69683
69684
69687
69695
69698
69699
69701
69707
69722
69726
69727
69730
69731
69751
70211
70223
70242
70246
70253
70256
70257
70751
70762
70784
70785
70842
70847
70869
71049
71085
71105
71111
71117
71125
71201
71257
71292
71301
71307
71349
71356
71507
71519
71520
71524
71526
71529
71530
71534
71535
71536
71537
71545
71684
71704
72171
72189
72190
72228
72232
72235
72250
72258
72262
72263
72324
72542
72577
72592
72756
72771
72787
72789
72800
72801
72803
72917
72918
72942
72961
73047
73149
73152
73153
73155
73156
73161
73163
73166
73167
73169
73170
73172
73173
73180
73181
73183
73184
73452
73595
73724
73749
73781
73958
73971
73996
74005
74062
74126
74439
74442
74443
74454
74463
74474
74517
74581
74615
74627
74641
74647
74693
74735
74803
74843
75167
75176
75184
75209
75275
75363
75542
75543
75544
75553
75563
75569
75571
75643
75829
75838
75842
75844
75847
75849
75865
75916
75921
75923
75928
75929
75934
75956
75960
75965
75967
75968
75971
75973
75974
75975
75976
75977
75980
75983
75984
75985
75989
75990
75991
75993
75994
75995
75997
75999
76002
76004
76005
76006
76007
76008
76011
76012
76013
76014
76015
76017
76018
76019
76021
76022
76023
76024
76025
76026
76027
76028
76029
76030
76031
76032
76033
76034
76036
76038
76039
76040
76041
76042
76043
76044
76045
76046
76047
76048
76049
76050
76051
76052
76053
76054
76056
76057
76058
76060
76061
76064
76065
76066
76067
76069
76070
76071
76073
76074
76075
76076
76078
76079
76081
76082
76084
76085
76087
76088
76089
76090
76091
76092
76093
76094
76096
76097
76098
76099
76100
76103
76104
76105
76107
76109
76112
76113
76114
76115
76116
76118
76129
76249
76275
76520
76535
76570
76597
76604
76606
76636
76642
76685
76803
76804
77117
77174
77176
77178
77192
77314
77317
77333
77432
77433
77476
77506
77516
77519
77520
77526
77534
77545
77559
77583
77586
77589
77592
77596
77602
77689
77750
77754
77763
77770
77806
77812
77816
77829
77837
77940
78063
78068
78088
78097
78137
78179
78194
78195
78287
78314
78333
78362
78365
78366
78465
78466
78468
78469
78471
78506
78536
78566
78575
78587
78593
78664
78667
78673
78679
78683
78740
78742
78744
78804
78828
78835
78844
78888
78991
79030
79069
79156
79236
79237
79239
79242
79243
79246
79252
79255
79256
79258
79259
79260
79321
79322
79342
79346
79443
79509
79510
79517
79522
79526
79538
79733
79889
80075
80078
80092
80098
80173
80187
80246
80272
80366
80481
80484
80490
80493
80494
80495
80496
80499
80500
80501
80502
80504
80507
80509
80511
80513
80515
80516
80519
80520
80523
80524
80525
80527
80528
80530
80531
80533
80535
80537
80538
80539
80541
80543
80545
80546
80548
80549
80550
80553
80554
80555
80556
80557
80558
80559
80561
80562
80563
80564
80566
80567
80568
80570
80571
80572
80574
80575
80576
80577
80579
80580
80581
80582
80584
80585
80586
80587
80589
80590
80591
80592
80593
80594
80595
80597
80598
80599
80600
80601
80602
80603
80606
80607
80608
80609
80612
80613
80614
80616
80617
80618
80619
80620
80621
80623
80624
80625
80626
80628
80629
80630
80632
80636
80637
80639
80640
80641
80646
80647
80649
80650
80651
80652
80653
80654
80656
80658
80659
80660
80661
80662
80663
80665
80666
80667
80668
80669
80670
80671
80672
80673
80677
80678
80679
80680
80681
80682
80683
80685
80687
80688
80690
80694
80695
80697
80699
80700
80701
80703
80704
80706
80707
80708
80709
80711
80712
80713
80714
80715
80717
80718
80719
80721
80722
80725
80728
80731
80735
80736
80739
80740
80742
80798
80956
80968
80971
80977
81119
81288
81299
81367
81398
81405
81427
81438
81481
81500
81588
81589
81590
81591
81595
81597
81598
81600
81601
81604
81605
81607
81612
81616
81651
81843
81845
81853
81855
81859
81861
81874
81972
81999
82063
82072
82258
82318
82323
82509
82666
82672
82674
82686
82696
82715
82723
82798
82799
82801
82803
82805
82806
82807
82808
82809
82811
82814
82815
82816
82819
82821
82822
82823
82825
82828
82829
82830
82831
82832
82834
82835
82837
82839
82840
82845
82850
82852
82853
82855
82856
82857
82917
83089
83155
83160
83163
83164
83165
83170
83172
83177
83180
83187
83193
83200
83203
83204
83205
83207
83209
83210
83214
83216
83217
83218
83225
83226
83229
83230
83232
83233
83241
83245
83251
83422
83622
83628
83629
83639
83644
83647
83683
83846
83852
83913
84086
84093
84098
84100
84101
84103
84105
84106
84110
84112
84116
84117
84120
84122
84123
84124
84125
84128
84129
84130
84131
84132
84133
84134
84135
84139
84140
84141
84142
84143
84144
84145
84147
84148
84149
84150
84151
84152
84153
84154
84155
84157
84158
84161
84162
84163
84164
84165
84167
84168
84169
84170
84171
84172
84173
84174
84175
84176
84178
84179
84180
84181
84182
84183
84184
84185
84186
84189
84190
84191
84192
84193
84195
84196
84197
84199
84202
84204
84206
84207
84208
84209
84210
84211
84212
84213
84214
84215
84217
84219
84221
84223
84224
84228
84229
84230
84231
84232
84233
84235
84237
84238
84239
84241
84243
84245
84247
84248
84249
84251
84253
84255
84256
84259
84260
84261
84264
84265
84266
84267
84270
84271
84272
84273
84275
84277
84278
84281
84285
84289
84290
84291
84292
84295
84298
84300
84303
84305
84306
84308
84311
84313
84314
84327
84328
84331
84333
84338
84420
84597
84619
84623
84631
84641
84759
84804
84808
84817
84967
84969
84971
84973
84976
84979
84983
84989
84993
85029
85061
85070
85075
85180
85183
85186
85197
85212
85255
85277
85283
85287
85289
85294
85295
85296
85298
85299
85300
85304
85306
85310
85314
85315
85316
85319
85321
85322
85323
85325
85327
85329
85332
85333
85334
85336
85338
85341
85342
85343
85344
85347
85348
85349
85351
85352
85354
85355
85356
85357
85358
85359
85360
85361
85363
85366
85368
85372
85373
85381
85383
85385
85389
85390
85392
85434
85483
85485
85490
85491
85492
85493
85504
85519
85521
85536
85627
85695
85696
85700
85709
85941
86107
86116
86122
86130
86136
86155
86217
86226
86228
86252
86260
86268
86279
86304
86364
86365
86369
86370
86373
86375
86377
86379
86381
86382
86383
86395
86485
86492
86493
86494
86497
86501
86517
86524
86536
86538
86718
86720
86725
86750
86842
86849
86871
86874
86900
86952
87006
87011
87014
87019
87041
87042
87043
87046
87047
87049
87050
87053
87054
87055
87057
87060
87061
87062
87063
87065
87070
87071
87072
87075
87077
87078
87080
87082
87083
87084
87085
87086
87087
87088
87090
87091
87093
87094
87095
87097
87098
87102
87104
87106
87107
87109
87111
87112
87113
87115
87117
87121
87124
87129
87136
87141
87144
87146
87148
87155
87163
87168
87178
87179
87183
87189
87191
87192
87194
87200
87210
87213
87214
87217
87324
87442
87443
87457
87460
87466
87559
87570
87612
87691
87711
87824
87881
87887
87900
87960
87965
87970
88032
88045
88057
88061
88084
88141
88143
88151
88152
88153
88154
88156
88158
88160
88161
88174
88198
88259
88272
88314
88353
88356
88357
88361
88363
88370
88373
88376
88386
88389
88392
88395
88539
88547
88557
88580
88658
88949
88960
89167
89173
89187
89195
89198
89200
89201
89202
89204
89208
89209
89211
89219
89220
89223
89228
89229
89230
89518
89531
89536
89546
89571
89575
89809
89815
89981
89986
89990
89991
89993
89995
89997
89998
90000
90001
90002
90004
90006
90007
90008
90053
90061
90385
90391
90412
90428
90803
90814
90855
90856
90858
90860
90862
90863
90864
90865
90867
90868
90869
90870
90871
90872
90873
90874
90875
90876
90877
90878
90879
90880
90881
90882
90883
90884
90885
90886
90887
90888
90889
90890
90891
90892
90893
90894
90895
90899
90900
90901
90902
90903
90904
90905
90906
90907
90908
90909
90910
90911
90912
90913
90914
90915
90916
90918
90919
90920
90921
90922
90923
90924
90925
90926
90927
90928
90930
90931
90932
90934
90936
90937
90938
90939
90940
90941
90944
90945
90947
90948
90949
90950
90951
90953
90954
90958
90959
90960
90961
90964
90965
90966
90967
90968
90970
90972
90974
90976
90977
90980
90981
90982
90983
90987
90988
90989
90990
90992
90993
90996
90997
90999
91000
91001
91002
91006
91007
91008
91009
91010
91012
91013
91016
91018
91019
91020
91021
91022
91024
91025
91027
91029
91034
91036
91040
91042
91043
91045
91046
91047
91048
91050
91055
91058
91061
91198
91211
91218
91221
91416
91418
91438
91490
91495
91498
91500
91636
91661
91674
91679
91705
91742
91762
91768
91990
92000
92004
92033
92312
92319
92359
92369
92492
92575
92686
92697
92704
92736
92775
92781
92798
92799
92807
92809
92821
92822
92823
92825
92827
92832
92852
92856
92862
92865
92883
92924
92927
92938
92950
92963
92989
92991
92995
93003
93077
93097
93181
93278
93300
93301
93302
93304
93313
93314
93328
93335
93354
93357
93414
93415
93418
93421
93427
93430
93473
93475
93483
93490
93491
93496
93497
93502
93514
93515
93518
93520
93522
93523
93525
93528
93530
93531
93538
93560
93564
93839
93845
93850
93866
93979
94087
94092
94438
94483
94484
94820
94821
94823
94831
94885
94948
94980
94983
95114
95365
95387
95401
95403
95446
95474
95495
95509
95516
95559
95574
95576
95630
95864
95977
96054
96246
96298
96488
96530
96532
96537
96543
96552
96555
96559
96573
96581
96582
96602
96605
96612
96616
96727
96762
96763
96765
96768
96769
96770
96771
96775
96778
96782
96783
96785
96786
96795
96800
96804
96806
96813
96817
96818
96932
96943
96992
97088
97100
97103
97123
97131
97301
97302
97304
97305
97310
97313
97319
97320
97324
97328
97335
97341
97351
97354
97359
97361
97510
97515
97517
97518
97519
97520
97526
97527
97530
97531
97532
97534
97536
97540
97621
97626
97785
98338
98347
98354
98356
98364
98365
98395
98400
98725
98735
98936
98938
98942
98948
98949
98954
98958
98961
98967
99094
99109
99111
99113
99275
99278
99280
99282
99283
99285
99286
99294
99306
99307
99361
99542
99543
99546
99584
99727
99729
99737
99741
99748
99757
99778
99873
99886
99893
100064
100067
100081
100083
100084
100085
100096
100097
100098
100108
100333
100334
100335
100338
100340
100342
100343
100344
100345
100346
100347
100348
100351
100352
100353
100354
100356
100370
100371
100372
100373
100376
100378
100380
100384
100385
100388
100389
100391
100395
100399
100402
100404
100406
100408
100409
100417
100486
100489
100495
100502
100918
100994
101099
101102
101110
101115
101117
101118
101122
101124
101138
101145
101146
101274
101350
101351
101353
101354
101360
101694
101712
101718
101726
101766
101774
101775
101776
101778
101782
101784
101795
101809
101811
101812
101813
101814
101815
101816
101820
101821
101878
101900
102271
102299
102302
102404
102481
102484
102492
102493
102501
102927
102932
102939
102949
102957
102969
103035
103057
103061
103062
103063
103064
103065
103068
103074
103077
103080
103081
103083
103084
103085
103086
103088
103090
103100
103104
103109
103110
103111
103112
103114
103119
103120
103121
103122
103124
103134
103136
103216
103219
103665
103666
103667
103669
103673
103681
103704
103822
104103
104128
104141
104225
104227
104231
104251
104252
104263
104301
104309
104319
104325
104327
104330
104333
104334
104336
104337
104347
104351
104352
104355
104358
104364
104374
104379
104384
104385
104386
104387
104388
104389
104391
104393
104394
104395
104396
104397
104402
104403
104407
104409
104410
104470
104471
104474
104484
104776
104780
104794
104798
104801
104806
104814
104827
104832
105059
105149
105151
105152
105157
105168
105171
105173
105195
105199
105274
105277
105280
105283
105287
105289
105291
105303
105309
105315
105318
105319
105328
105329
105456
105629
105797
105804
105820
105836
106053
106060
106254
106282
106557
106568
106573
106574
106578
106584
106688
106691
106693
106695
106768
106770
106772
106774
106777
106782
106784
106790
106793
106861
106877
107073
107093
107099
107100
107210
107358
107364
107367
107384
107469
107477
107488
107669
107670
107678
107682
107685
107688
107691
107698
107701
107770
107778
107796
107809
107877
107879
107899
107901
107904
107907
107913
107917
107919
107948
107950
107953
107966
107968
107970
107977
107978
107980
107981
107982
107984
107985
107986
107987
107989
107991
107992
108000
108083
108091
108115
108284
108288
108293
108642
108643
108645
108654
108659
108671
108741
108755
108770
108795
108824
108825
108832
108833
108835
108836
108837
108839
108840
108841
108843
108855
108857
108860
108862
108863
108865
108867
108872
108874
108876
108880
108881
108882
108888
108968
108976
108983
109072
109453
109520
109590
109752
109787
110133
110166
110180
110182
110238
110246
110287
110291
110292
110298
110299
110301
110304
110306
110309
110320
110321
110322
110326
110327
110354
110356
110358
110363
110365
110380
110671
110680
110695
110730
110742
111259
111410
111427
111441
111461
111462
111663
111672
111689
111693
111700
111703
111706
111708
111709
111714
111831
111842
112137
112402
112468
112472
112675
112720
112725
113108
113110
113112
113152
113153
113164
113206
113209
113212
113219
113239
113346
113377
113378
113413
113414
113415
113416
113417
113418
113451
113919
113925
113927
113929
113932
114075
114113
114124
114135
114365
114369
114736
114901
114974
114978
114993
114995
114999
115272
115294
115335
115362
115411
115417
115604
115736
115742
115745
115750
115757
115759
115763
115765
115770
115771
115892
115898
115899
116325
116531
116534
116536
116540
116573
117026
117030
117039
117047
117048
117053
117059
117060
117061
117070
117088
117096
117106
117157
117435
117743
118115
118153
118243
118245
118355
118435
118447
118448
118449
118452
118456
118457
118460
118462
118484
118487
118512
118526
118535
118784
118797
118802
118816
118826
118839
118864
119243
119252
119269
119328
119480
119493
119544
119568
119589
119612
119696
119697
119698
119701
119702
119704
119705
119709
119710
119749
119753
119759
119858
119892
120055
120075
120076
120080
120089
120294
120349
120367
120378
120481
120484
120493
120494
120496
120502
120506
120508
120509
120510
120516
120548
120549
120771
120777
120804
121131
121146
121153
121165
121166
121169
121172
121175
121178
121181
121186
121188
121198
121201
121396
121405
121625
121626
121627
121629
121630
121631
121642
121648
121651
121663
121669
121681
121939
121944
121966
121982
122144
122153
122154
122704
122709
122719
122729
122730
122892
123033
123035
123038
123049
123062
123072
123094
123095
123208
123213
123216
123218
123223
123225
123227
123228
123229
123231
123232
123233
123234
123236
123237
123238
123239
123240
123241
123243
123244
123245
123248
123249
123252
123253
123254
123258
123259
123260
123261
123266
123271
123273
123274
123279
123283
123286
123287
123288
123289
123290
123292
123293
123295
123298
123301
123302
123303
123304
123349
123351
123352
123355
123356
123368
123371
123375
123376
123377
123378
123379
123380
123381
123382
123386
123388
123389
123390
123391
123392
123393
123394
123395
123396
123400
123404
123405
123407
123408
123411
123414
123415
123416
123423
123428
123429
123430
123431
123434
123437
123445
123449
123450
123452
123458
123459
123461
123462
123464
123466
123468
123469
123470
123471
123473
123476
123477
123480
123481
123486
123488
123494
123496
123497
123499
123501
123502
123504
123506
123507
123509
123512
123517
123519
123522
123523
123524
123525
123526
123527
123532
123537
123539
123541
123542
123544
123545
123547
123548
123549
123550
123552
123553
123555
123556
123557
123558
123559
123560
123561
123562
123563
123564
123565
123566
123568
123570
123571
123572
123573
123575
123576
123577
123578
123580
123581
123585
123587
123588
123590
123591
123593
123594
123598
123599
123600
123601
123602
123603
123604
123605
123606
123608
123609
123610
123611
123612
123613
123614
123615
123616
123617
123618
123619
123620
123623
123625
123627
123630
123631
123634
123637
123641
123642
123643
123645
123646
123651
123800
123808
123855
123918
123933
123986
123992
123993
123996
123998
124002
124004
124005
124009
124014
124020
124034
124036
124037
124059
124064
124319
124339
124342
124350
124367
124373
124435
124504
124514
124517
124521
124522
124523
124524
124526
124527
124528
124530
124531
124532
124534
124535
124536
124539
124540
124541
124542
124543
124545
124547
124551
124554
124557
124562
124563
124566
124567
124570
124572
124573
124575
124578
124579
124580
124586
124587
124588
124590
124591
124593
124598
124601
124604
124605
124611
124612
124613
124614
124619
124620
124624
124627
124628
124629
124632
124635
124637
124638
124641
124643
124644
124645
124646
124648
124649
124652
124655
124656
124657
124658
124659
124660
124662
124664
124665
124666
124667
124670
124671
124672
124676
124678
124681
124682
124683
124684
124685
124686
124688
124689
124691
124695
124696
124698
124699
124703
124707
124708
124709
124712
124713
124714
124719
124720
124722
124729
124730
124731
124734
124735
124736
124737
124738
124739
124740
124741
124742
124743
124745
124746
124747
124748
124750
124751
124752
124753
124757
124758
124760
124762
124763
124764
124766
124767
124770
124771
124772
124774
124775
124776
124778
124779
124780
124781
124782
124783
124784
124785
124786
124787
124788
124789
124790
124792
124796
124797
124798
124799
124801
124804
124805
124807
124809
124810
124811
124812
124813
124814
124816
124817
124818
124819
124820
124821
124822
124823
124824
124825
124827
124828
124829
124830
124831
124832
124833
124835
124836
124837
124838
124839
124840
124843
124844
124845
124846
124848
124849
124850
124851
124852
124853
124854
124856
124857
124858
124859
124861
124864
124866
124869
124872
124874
124875
124877
124878
124879
124880
124886
124887
124888
124889
124890
124891
124892
124894
124895
124899
124900
124903
124904
124905
124906
124913
124916
124981
125099
125101
125128
125185
125191
125260
125291
125395
125399
125506
125507
125513
125763
125764
125783
125785
125804
125814
125927
125931
125932
125933
125934
125939
125943
125944
125946
125949
125951
125953
125954
125955
125956
125960
125963
125964
125966
125967
125969
125970
125973
125974
125975
125976
125978
125979
125980
125981
125983
125984
125986
125987
125989
125992
125993
125994
125995
125998
125999
126000
126006
126017
126019
126020
126021
126022
126026
126029
126030
126032
126033
126035
126036
126037
126039
126041
126046
126057
126058
126059
126063
126064
126065
126066
126068
126072
126075
126076
126079
126080
126081
126087
126088
126089
126091
126092
126093
126094
126096
126099
126100
126101
126103
126104
126105
126108
126109
126111
126113
126114
126115
126116
126117
126118
126119
126121
126122
126123
126124
126125
126126
126127
126128
126129
126130
126131
126132
126133
126134
126135
126136
126139
126140
126141
126142
126143
126144
126146
126147
126148
126149
126151
126152
126154
126155
126156
126157
126158
126159
126160
126161
126162
126163
126165
126167
126168
126169
126170
126171
126172
126173
126174
126175
126176
126177
126179
126180
126181
126182
126183
126184
126185
126186
126187
126188
126189
126191
126194
126198
126200
126207
126209
126210
126215
126339
126480
126489
126504
126505
126535
126586
126599
126771
126776
126856
126883
126894
126914
126920
126999
127000
127001
127002
127006
127007
127010
127011
127012
127013
127014
127015
127016
127017
127019
127021
127022
127023
127024
127025
127026
127027
127028
127030
127032
127033
127034
127035
127036
127037
127039
127040
127041
127042
127043
127044
127045
127046
127047
127048
127049
127050
127051
127053
127056
127058
127059
127061
127062
127064
127065
127066
127067
127068
127069
127070
127073
127075
127076
127077
127080
127082
127083
127085
127086
127088
127089
127090
127091
127092
127093
127094
127095
127096
127097
127098
127099
127101
127103
127104
127107
127108
127109
127110
127113
127114
127117
127118
127119
127121
127122
127129
127130
127133
127134
127135
127138
127139
127140
127141
127143
127145
127147
127148
127150
127151
127152
127153
127154
127155
127156
127157
127158
127159
127162
127163
127164
127168
127170
127172
127173
127174
127175
127176
127178
127179
127180
127184
127185
127192
127193
127194
127195
127196
127233
127242
127326
127330
127362
127414
127569
127573
127574
127579
127581
127584
127594
127597
127608
127616
127623
127626
127633
127639
127643
127648
127649
127651
127654
127663
127669
127673
127688
127691
127694
127699
127700
127706
127755
127760
128036
128076
128088
128109
128121
128130
128213
128214
128215
128216
128217
128218
128220
128221
128222
128223
128224
128225
128226
128228
128229
128230
128231
128233
128234
128235
128236
128238
128241
128245
128246
128247
128248
128250
128251
128252
128253
128254
128255
128256
128258
128260
128261
128263
128264
128266
128268
128269
128271
128272
128273
128274
128276
128279
128282
128283
128284
128285
128286
128287
128289
128291
128292
128293
128294
128296
128300
128301
128302
128303
128304
128367
128372
128374
128375
128376
128380
128383
128387
128394
128397
128399
128401
128403
128410
128416
128422
128427
128434
128439
128446
128453
128458
128467
128473
128478
128482
128487
128492
128498
128505
128510
128515
128521
128526
128531
128537
128550
128555
128558
128562
128570
128575
128594
128596
128598
128600
128603
128607
128609
128612
128614
128618
128622
128626
128628
128629
128631
128634
128638
128641
128645
128646
128652
128653
128654
128655
128656
128670
128736
128820
128823
128825
128826
128827
129039
129040
129041
129051
129052
129054
129059
129062
129084
129095
129108
129153
129329
129341
129348
129573
129574
129579
129600
129640
129740
129744
129747
129755
129756
129757
129758
129759
129760
129761
129764
129765
129767
129768
129771
129772
129775
129776
129778
129780
129781
129782
129784
129785
129786
129787
129789
129790
129793
129794
129796
129797
129799
129803
129805
129806
129808
129809
129812
129814
129816
129818
129823
129824
129825
129826
129827
129828
129831
129832
129833
129834
129836
129837
129838
129840
129842
129843
129844
129845
129846
129847
129848
129850
129851
129852
129853
129854
129856
129857
129858
129860
129861
129862
129863
129864
129865
129866
129867
129868
129870
129871
129872
129873
129874
129875
129876
129878
129880
129881
129882
129886
129888
129890
129891
129892
129893
129895
129897
129898
129899
129900
129902
129904
129905
129907
129908
129909
129910
129911
129912
129913
129914
129915
129916
129917
129918
129919
129920
129921
129922
129923
129924
129925
129926
129927
129928
129929
129930
129931
129932
129933
129934
129935
129936
129937
129938
129939
129940
129941
129943
129944
129945
129946
129948
129949
129950
129951
129952
129954
129955
129956
129957
129958
129960
129962
129963
129964
129965
129967
129968
129969
129970
129971
129972
129973
129975
129976
129977
129979
129980
129982
129985
129986
129987
129988
129992
129996
129997
129998
130002
130006
130070
130071
130080
130167
130170
130173
130177
130179
130308
130316
130317
130318
130319
130320
130325
130327
130330
130336
130338
130348
130349
130353
130596
130752
130755
130809
131299
131304
131309
131315
131321
131327
131331
131334
131337
131341
131347
131351
131384
131399
131404
131450
131455
131469
131470
131475
131481
131485
131488
131490
131495
131496
131500
131505
131511
131513
131515
131518
131520
131521
131522
131523
131527
131528
131531
131532
131533
131534
131535
131540
131552
131557
131568
131578
131649
131654
131675
131700
131792
131806
131970
132103
132136
132170
132197
132215
132222
132225
132231
132234
132237
132238
132240
132244
132286
132294
132309
132369
132390
132409
132417
132512
132552
132553
132555
132562
132572
132575
132576
132583
132584
132585
132588
132589
132592
132597
132608
132630
132673
132912
132936
132942
132943
132944
133239
133263
133269
133276
133277
133278
133279
133301
133305
133334
133337
133427
133429
133433
133434
133435
133436
133437
133438
133441
133445
133446
133447
133448
133449
133451
133455
133456
133458
133459
133460
133463
133464
133465
133466
133468
133469
133470
133471
133472
133473
133474
133475
133476
133477
133478
133479
133481
133482
133483
133484
133485
133486
133487
133488
133489
133491
133492
133493
133494
133495
133496
133497
133498
133499
133500
133502
133504
133506
133507
133509
133510
133511
133513
133515
133516
133517
133519
133520
133521
133522
133524
133525
133527
133528
133529
133531
133532
133533
133534
133535
133536
133538
133539
133540
133541
133542
133543
133544
133545
133546
133548
133551
133553
133554
133555
133557
133558
133559
133560
133561
133562
133563
133564
133565
133566
133567
133568
133569
133570
133571
133573
133574
133575
133576
133577
133578
133580
133581
133583
133584
133585
133586
133587
133588
133589
133590
133591
133592
133595
133596
133597
133598
133599
133600
133605
133606
133607
133608
133611
133614
133615
133616
133617
133618
133619
133623
133626
133627
133628
133629
133632
133636
133637
133638
133642
133644
133674
133684
133780
133783
133791
133794
133881
133895
133944
133946
133949
133951
133952
133954
133969
133970
133971
133972
133973
133979
133981
133989
133994
133995
134019
134023
134025
134037
134104
134195
134211
134261
134294
134301
134310
134325
134326
134332
134396
134462
134463
134464
134465
134466
134467
134468
134470
134472
134476
134477
134478
134479
134480
134481
134482
134483
134484
134485
134486
134487
134489
134490
134491
134492
134493
134494
134496
134497
134498
134499
134500
134502
134503
134505
134506
134507
134508
134509
134510
134512
134514
134515
134516
134517
134518
134520
134521
134523
134524
134525
134526
134527
134528
134529
134530
134531
134532
134533
134534
134536
134537
134538
134539
134541
134542
134543
134544
134545
134546
134547
134548
134549
134550
134551
134552
134555
134556
134557
134558
134559
134560
134562
134563
134564
134565
134566
134567
134568
134569
134573
134574
134575
134576
134577
134578
134580
134581
134583
134585
134588
134589
134590
134592
134593
134594
134597
134598
134599
134600
134601
134605
134606
134607
134609
134614
134619
134622
134623
134624
134627
134629
134631
134633
134634
134635
134636
134638
134687
134804
134883
134889
134968
134971
134975
134976
134983
134985
134987
134988
134995
134996
134998
134999
135001
135011
135012
135014
135018
135020
135021
135050
135052
135091
135113
135117
135120
135121
135275
135301
135319
135359
135371
135384
135392
135497
135792
135865
135916
135921
135926
135930
135933
135936
135948
135954
135957
135968
135974
135976
135979
135981
135985
136031
136051
136252
136327
136346
136422
136679
136687
136745
136767
136840
136841
136843
136844
136849
137000
137001
137010
137018
137138
137205
137328
137332
137346
137350
137351
137355
137360
137361
137365
137368
137373
137377
137402
137403
137405
137408
137409
137411
137421
137519
137992
138026
138034
138039
138053
138069
138244
138262
138398
138408
138409
138417
138418
138645
138661
138664
138667
138680
138681
138687
138688
138694
138703
138707
138713
138728
138797
138802
138819
139044
139151
139418
139564
139724
139859
139954
140039
140041
140058
140072
140076
140077
140079
140081
140082
140084
140085
140093
140099
140101
140574
140586
140588
140608
140635
140638
140783
140915
140957
141095
141110
141117
141125
141135
141141
141189
141257
141309
141490
141493
141496
141498
141611
141620
141625
141630
142016
142027
142155
142158
142216
142340
142353
142360
142369
142392
142402
142408
142412
142417
142419
142466
142476
142560
142561
142590
142597
142665
142669
142670
142679
142680
142688
142689
142691
142708
142904
142913
143218
143250
143276
143529
143540
143542
143557
143566
143569
143580
143630
143714
143846
143934
143938
143945
143955
143970
143975
143976
143982
144009
144022
144030
144036
144068
144072
144076
144121
144310
144326
144349
144370
144765
144908
144912
144919
145032
145061
145062
145077
145102
145108
145111
145122
145129
145140
145174
145184
145400
145404
145408
145418
145601
145827
145951
146016
146043
146070
146081
146090
146192
146198
146210
146211
146237
146329
146331
146339
146341
146345
146346
146347
146349
146352
146354
146355
146365
146366
146368
146369
146372
146373
146375
146380
146382
146384
146388
146394
146409
146421
146435
146442
146461
146463
146467
146753
146760
146829
146912
146915
146923
146942
147079
147084
147337
147351
147366
147382
147387
147419
147434
147438
147445
147448
147450
147452
147486
147493
147773
147781
147790
147796
147798
147799
147803
147804
147808
147811
147812
147816
147822
147823
147826
147842
147844
147853
147869
147907
147909
147924
148064
148192
148209
148215
148556
148575
148787
148834
148970
148973
148974
148976
148978
148981
148982
148983
148984
148985
148987
148988
148989
148990
148992
148993
148995
148996
148997
148998
148999
149001
149002
149003
149004
149005
149006
149007
149008
149009
149011
149012
149013
149014
149017
149018
149020
149021
149027
149028
149029
149030
149032
149034
149035
149039
149042
149043
149044
149048
149050
149054
149064
149065
149066
149069
149070
149071
149072
149074
149075
149088
149091
149093
149099
149102
149104
149105
149108
149112
149116
149117
149118
149119
149122
149123
149124
149125
149126
149129
149130
149131
149134
149135
149138
149145
149146
149153
149155
149156
149157
149167
149170
149171
149173
149176
149178
149179
149180
149181
149183
149185
149186
149188
149189
149191
149192
149193
149195
149197
149198
149201
149202
149203
149206
149207
149208
149210
149211
149212
149214
149215
149216
149221
149224
149225
149228
149229
149230
149231
149232
149233
149234
149240
149241
149249
149250
149252
149253
149261
149262
149265
149271
149274
149275
149278
149279
149282
149286
149288
149290
149291
149292
149293
149296
149303
149304
149309
149312
149314
149315
149316
149317
149319
149320
149321
149322
149323
149324
149325
149326
149327
149328
149329
149330
149331
149333
149334
149335
149336
149337
149338
149339
149340
149341
149343
149344
149345
149347
149351
149352
149354
149355
149358
149359
149360
149362
149364
149365
149366
149367
149368
149370
149371
149372
149373
149374
149375
149377
149379
149380
149381
149383
149384
149386
149387
149388
149389
149390
149392
149393
149394
149395
149396
149397
149398
149399
149401
149402
149405
149406
149407
149408
149409
149410
149411
149412
149414
149415
149416
149417
149418
149419
149420
149421
149422
149423
149424
149425
149426
149427
149428
149429
149432
149433
149434
149435
149437
149438
149439
149441
149442
149443
149444
149446
149448
149449
149450
149455
149456
149458
149459
149460
149462
149463
149464
149467
149471
149472
149473
149475
149476
149478
149480
149484
149485
149487
149488
149491
149492
149499
149500
149505
149511
149567
149572
149577
149658
149670
149762
149764
149773
149890
150022
150030
150058
150061
150064
150084
150189
150190
150191
150192
150195
150196
150197
150199
150200
150203
150204
150205
150206
150207
150208
150209
150210
150211
150212
150213
150216
150217
150218
150219
150220
150221
150222
150223
150224
150225
150226
150227
150228
150229
150230
150231
150232
150233
150234
150235
150236
150237
150239
150240
150244
150245
150246
150247
150250
150252
150254
150255
150256
150257
150258
150259
150260
150261
150263
150265
150269
150271
150272
150273
150274
150276
150277
150278
150279
150280
150281
150282
150283
150285
150286
150287
150288
150289
150290
150292
150293
150296
150297
150298
150299
150300
150301
150302
150303
150304
150305
150306
150307
150308
150309
150310
150311
150312
150313
150314
150315
150318
150320
150322
150323
150324
150325
150326
150327
150328
150330
150331
150332
150333
150334
150335
150337
150338
150343
150344
150345
150346
150351
150352
150354
150356
150358
150363
150425
150426
150427
150499
150508
150632
150634
150638
150639
150644
150645
150647
150653
150654
150655
150667
150671
150672
150681
150942
150943
150975
150987
150993
151006
151010
151121
151124
151125
151230
151244
151252
151381
151418
151604
151621
151626
151628
151647
151666
151672
151675
151689
151703
151717
151729
151815
151816
151818
151819
151820
151821
151822
151827
151828
151830
151831
151832
151833
151834
151835
151836
151837
151838
151840
151842
151844
151845
151846
151847
151848
151849
151850
151852
151853
151854
151856
151857
151858
151859
151860
151861
151862
151863
151864
151866
151867
151869
151870
151872
151873
151875
151876
151878
151879
151880
151881
151882
151883
151884
151885
151886
151887
151888
151889
151890
151891
151892
151893
151894
151895
151896
151898
151899
151900
151901
151903
151905
151906
151907
151908
151909
151911
151912
151913
151914
151915
151916
151917
151918
151919
151920
151922
151924
151925
151926
151927
151929
151930
151931
151932
151933
151934
151935
151938
151939
151940
151941
151942
151943
151944
151945
151946
151947
151948
151949
151950
151951
151952
151954
151955
151957
151958
151960
151961
151962
151964
151965
151966
151967
151968
151969
151970
151972
151973
151974
151975
151978
151979
151982
151983
151986
151987
151988
151989
151990
151991
151992
151993
151996
151998
151999
152003
152004
152007
152008
152009
152012
152013
152014
152016
152017
152020
152021
152022
152023
152024
152025
152030
152072
152083
152097
152101
152223
152224
152227
152229
152231
152235
152237
152240
152353
152493
152584
152651
152653
152902
152920
152935
152937
153176
153202
153213
153220
153228
153232
153287
153304
153504
153508
153950
154280
154284
154319
154323
154325
154340
154542
154585
154586
154588
154589
154591
154595
154598
154602
154606
154608
154609
154613
154616
154617
154618
154651
154655
154999
155011
155393
155458
155461
155512
155514
155521
155541
155547
155548
155550
155551
155553
155557
155559
155601
155613
155705
155710
155713
155715
155717
155720
155916
155920
155921
155924
155928
155929
155933
155935
155938
155946
155948
155952
155964
155989
155995
156021
156031
156041
156289
156328
156372
156484
156495
156498
156590
156617
156938
156944
156996
157049
157083
157087
157145
157155
157223
157224
157239
157283
157284
157287
157288
157294
157295
157302
157305
157308
157310
157316
157321
157322
157329
157339
157343
157350
157356
157363
157376
157395
157405
157437
157636
157640
157641
157658
157660
157727
157741
157747
157780
157788
157854
157887
158043
158133
158142
158154
158210
158230
158441
158567
158571
158572
158574
158583
158588
158590
158597
158598
158599
158603
158604
158612
158615
158623
158626
158629
158630
158632
158639
158640
158643
158644
158649
158650
158653
158666
158677
158696
158703
158727
159008
159011
159021
159067
159072
159073
159095
159218
159223
159239
159449
159476
159479
159480
159617
159628
159629
159781
159783
159785
159789
159790
159792
159797
159801
159802
159806
159807
159812
159816
159820
159826
159828
159829
159834
159835
159842
159846
159863
159872
159876
159888
159898
159908
159953
160002
160230
160329
160367
160662
160729
160741
160768
160774
160828
160829
160830
160831
160832
160833
160834
160835
160836
160839
160840
160841
160842
160843
160844
160845
160846
160847
160848
160850
160852
160853
160854
160855
160856
160857
160858
160859
160860
160861
160863
160864
160867
160868
160869
160870
160871
160872
160873
160874
160875
160876
160877
160878
160879
160880
160881
160884
160885
160886
160887
160888
160889
160890
160891
160892
160893
160894
160895
160896
160897
160898
160900
160901
160902
160903
160904
160905
160907
160908
160909
160911
160912
160913
160914
160915
160917
160918
160919
160920
160921
160922
160923
160926
160927
160928
160930
160931
160932
160933
160935
160936
160937
160938
160940
160948
160949
160954
160957
160959
160961
160962
161094
161102
161111
161115
161179
161335
161336
161350
161356
161357
161358
161366
161368
161376
161379
161382
161383
161394
161403
161574
161578
161581
161582
161585
161588
161590
161591
161593
161595
161599
161601
161609
161628
161643
161671
161688
161975
161982
162274
162693
162775
162936
162954
162956
162961
162963
162994
163016
163019
163021
163022
163068
163070
163075
163077
163382
163446
163801
163966
164224
164396
164414
164640
164681
164682
164683
164687
164689
164692
164693
164694
164698
164719
164731
164733
164735
164740
164741
165075
165084
166113
166588
166597
166605
166613
166633
166872
166873
166886
166902
166942
166954
166967
167117
167307
167404
167440
167448
167484
167508
167510
167519
167538
167542
167545
167555
167557
167558
167619
167621
167627
167716
167721
167725
167866
167875
167880
167885
167888
167889
167890
167892
167893
167894
167895
167908
167952
167953
167959
167992
168288
168417
168435
168446
168753
168757
169157
169325
169502
169718
169952
169985
170030
170132
170540
170705
170716
170775
170777
170780
170797
170801
170855
170871
170891
171047
171059
171065
171086
171089
171095
171124
171238
171347
171533
171622
171810
171813
171815
171827
171885
171890
171891
171893
171915
172244
172249
172255
172363
172370
172385
172411
172436
172475
172476
172684
172698
172704
173177
173183
173224
173235
173241
173253
173273
173567
173581
173629
173779
173807
173828
173844
173846
173847
173849
173850
173851
173859
173892
174151
174203
174206
174215
174473
174487
174497
174616
174620
174691
174770
174792
174802
174806
174813
174815
175003
175013
175016
175090
175101
175102
175110
175111
175120
175122
175132
175168
175177
175179
175184
175188
175209
175218
175219
175221
175224
175497
175529
175534
175920
175968
175972
176463
176521
176551
176554
176558
176733
176740
176896
176898
176899
176901
176904
176905
176910
176917
176919
176926
176928
176931
176934
176939
176943
176957
176969
176995
177001
177018
177030
177240
177241
177242
177246
177251
177509
177798
177803
177808
177809
177812
177814
177815
177820
177821
177839
177849
177863
177871
177919
177922
178239
178242
178246
178602
178606
178632
178758
179127
179145
179308
179454
179457
179461
179468
179477
179491
179535
179537
179549
179594
179600
179685
179839
179841
179842
179845
179854
179859
179864
179867
179877
179878
179880
179882
179883
179884
179889
179897
179922
179923
179924
180188
180452
180558
180569
180571
180576
180621
180649
180650
180652
180653
180655
180657
180660
180676
180678
180679
180701
180705
180707
180726
180730
180732
180757
180758
180763
180769
180917
180932
180960
181271
181961
182151
182172
182176
182193
182200
182212
182236
182242
182246
182252
182274
182289
182384
182390
182393
182547
182549
182556
182561
182801
182858
182860
182863
182867
183062
183219
183237
183272
183394
183401
183405
183408
183413
183417
183424
183431
183438
183460
183467
183479
183482
183488
183699
184044
184065
184072
184358
184374
184491
184493
184539
184642
184694
184730
184768
184770
184778
184779
184877
184883
184897
184961
184966
185044
185052
185054
185057
185061
185062
185066
185068
185075
185076
185084
185093
185099
185116
185124
185349
185397
185411
185430
185849
185855
186013
186147
186148
186150
186156
186162
186168
186320
186325
186328
186333
186339
186343
186345
186347
186353
186356
186358
186402
186779
186807
186811
186831
186839
186849
187106
187107
187319
187322
187323
187326
187328
187329
187331
187335
187344
187347
187360
187593
188031
188032
188035
188040
188047
188049
188278
188290
188479
188572
188986
189086
189096
189101
189105
189107
189117
189127
189145
189184
189194
189198
189216
189219
189229
189231
189239
189250
189257
189265
189641
189721
189807
189816
189820
189823
189827
189831
189836
190605
190743
190756
190822
190842
190848
191268
191367
191370
191407
191411
191418
191426
191430
191444
191445
191472
191477
191482
191485
191525
191527
191532
191542
191553
191665
191666
191671
191705
191706
192141
192321
192334
192336
192342
192349
192360
192491
192581
192715
192736
192744
192942
192952
193628
193687
193743
193775
193788
193809
193844
193849
194034
194036
194039
194084
194092
194371
194382
194536
194548
194573
194580
194584
194625
194653
194656
194681
194685
194729
194748
194810
194813
194818
194822
194826
194830
194833
194836
194840
194844
194846
194848
194852
194859
194869
194871
194875
194895
194931
194945
194947
194949
194952
194953
194954
194959
194960
194963
194966
194968
194969
194970
194972
194974
194977
194978
194980
194982
194985
194986
194989
194991
194993
195007
195017
195060
195076
195078
195087
195093
195094
195099
195105
195108
195128
195141
195148
195153
195170
195466
195483
195514
195520
195534
195537
195540
195731
195736
195751
195909
195925
195945
195950
195953
195978
195979
196047
196091
196101
196106
196107
196115
196116
196121
196123
196215
196226
196231
196274
196277
196282
196288
196290
196293
196296
196310
196344
196368
196602
196610
196618
196668
196956
196967
197105
197112
197124
197127
197131
197164
197185
197198
197202
197207
197231
197251
197252
197269
197283
197335
197360
197404
197409
197449
197457
197764
197773
197781
197786
197789
198001
198003
198339
198340
198348
198401
198433
198441
198446
198470
198478
198496
198500
198503
198506
198508
198541
198542
198547
198548
198557
198564
198568
198576
199447
199449
199460
199463
199466
199471
199472
199558
199622
199626
199639
199680
199690
199693
199695
199719
199726
199753
199764
199808
200128
200176
200195
200201
200208
200216
200220
200223
200306
200510
200656
200661
200669
200677
200768
200790
200793
200805
200812
200830
200838
200840
200914
200935
200960
200975
201261
201494
201638
201640
201643
201653
201657
201660
201680
201734
201775
201788
201798
201867
201871
201884
201932
201939
201941
201946
201948
202003
202008
202009
202027
202173
202174
202179
202193
202197
202221
202306
202418
202426
202578
202602
202875
203031
203042
203052
203057
203081
203101
203140
203169
203204
203207
203208
203209
203213
203217
203218
203334
203353
203361
203363
203365
203366
203368
203370
203375
203378
203379
203380
203425
203560
203573
203577
203608
203977
204070
204090
204108
204112
204273
204278
204310
204344
204348
204397
204409
204476
204477
204483
204514
204530
204661
205408
205413
205419
205427
205443
205487
205511
205559
205564
205573
205578
205586
205604
205627
205629
205631
205632
205633
205665
205670
205673
205676
205677
205683
205689
205692
205696
205705
205962
206031
206043
206052
206126
206539
206559
206571
206584
206586
206632
206636
206669
206694
206695
206702
206882
206893
206977
206980
206984
207041
207047
207050
207817
207818
207828
207838
207865
207891
207941
207948
207965
207981
207988
208030
208073
208077
208082
208103
208111
208361
208362
208369
208566
208633
208642
208737
208933
208953
209199
209208
209209
209216
209218
209226
209227
209242
209247
209294
209298
209321
209328
209519
209523
209532
209535
209809
209823
209834
210119
210128
210145
210171
210179
210180
210195
210202
210204
210205
210216
210236
210248
210282
210283
210346
210374
210418
210421
210428
210429
210433
210435
210443
210471
210515
210597
210669
210688
210689
210691
210696
210810
210819
210832
210833
210836
210976
210983
210986
210988
210990
210992
210993
210996
210998
211004
211007
211365
211456
211473
211493
211528
211555
211718
211726
211739
211742
211811
211815
211826
211831
211847
211879
211892
211998
212091
212099
212104
212112
212120
212123
212124
212127
212128
212132
212136
212137
212141
212142
212143
212145
212147
212151
212152
212174
212178
212372
212377
212379
212383
212387
212392
212393
212394
212397
212398
212400
212401
212402
212403
212410
212412
212423
212430
212439
212441
212442
212449
212453
212457
212461
212465
212466
212467
212474
212475
212483
212487
212488
212490
212493
212495
212497
212500
212501
212502
212503
212505
212509
212511
212512
212513
212514
212515
212516
212517
212519
212520
212524
212526
212527
212528
212529
212530
212533
212534
212536
212537
212541
212542
212543
212545
212546
212547
212548
212549
212551
212553
212554
212555
212557
212558
212560
212561
212562
212563
212564
212565
212566
212567
212568
212570
212571
212572
212573
212574
212575
212576
212577
212579
212580
212581
212582
212584
212585
212586
212587
212588
212589
212592
212593
212594
212596
212598
212600
212601
212602
212603
212604
212605
212606
212607
212608
212609
212610
212616
212617
212619
212620
212622
212623
212624
212625
212626
212627
212630
212631
212633
212634
212636
212638
212639
212640
212643
212646
212647
212649
212650
212651
212652
212654
212655
212656
212659
212662
212665
212666
212667
212668
212670
212671
212673
212675
212678
212680
212681
212686
212687
212688
212690
212691
212692
212693
212695
212696
212697
212698
212699
212701
212703
212704
212705
212706
212707
212710
212711
212712
212713
212715
212717
212719
212724
212726
212730
212732
212734
212736
212737
212738
212739
212744
212747
212749
212750
212751
212752
212753
212754
212839
213080
213274
213451
213464
213467
213729
213737
213747
213804
213806
213807
213808
213809
213811
213813
213815
213816
213818
213819
213832
213833
213838
213839
213842
213846
213852
213853
213854
213856
213858
213859
213861
214274
214474
214477
214483
214502
214526
214528
214534
214596
214613
214621
214627
214657
214671
214681
214708
214730
214782
214820
214882
214884
214885
214886
214887
214895
214897
214898
214905
214907
214909
214917
214926
214928
214934
214936
214940
214942
214944
214946
214947
214950
214951
214957
214961
214966
215110
215254
215262
215280
215315
215323
215326
215327
215328
215329
215330
215359
215393
215416
215423
215435
215449
215480
215484
215510
215511
215518
215585
215605
215720
215725
215832
215834
215906
215908
215912
215913
215914
215916
215918
215926
215928
215929
215930
215931
215932
215933
215935
215936
215939
215941
215944
215948
215949
215950
215952
215953
215956
215957
215958
215960
215961
215962
215963
215964
215965
215966
215967
215968
215970
215977
215978
215979
215981
215983
215984
215985
215986
215987
215988
215992
215993
215994
215995
216004
216006
216008
216014
216016
216020
216021
216023
216024
216026
216027
216032
216033
216034
216038
216040
216044
216045
216046
216047
216055
216216
216341
216347
216358
216386
216476
216618
216630
216640
216652
216708
216806
216811
216817
216822
216823
216835
216873
216883
216885
216888
216908
216931
216943
216947
216954
216965
216974
216981
217046
217048
217054
217064
217069
217076
217110
217152
217156
217159
217160
217161
217163
217170
217171
217172
217173
217174
217177
217178
217180
217184
217187
217188
217189
217190
217191
217193
217194
217195
217197
217198
217199
217200
217202
217204
217207
217208
217209
217210
217211
217213
217214
217216
217217
217218
217220
217221
217224
217225
217227
217228
217229
217230
217231
217232
217233
217234
217236
217237
217238
217239
217240
217241
217243
217244
217245
217247
217248
217252
217257
217258
217259
217260
217261
217262
217264
217265
217266
217270
217271
217272
217273
217274
217275
217276
217277
217279
217281
217282
217284
217285
217286
217287
217288
217289
217290
217291
217292
217293
217294
217295
217297
217298
217299
217301
217302
217303
217304
217305
217307
217310
217311
217313
217317
217319
217321
217322
217327
217328
217329
217331
217335
217338
217340
217341
217343
217348
217355
217365
217367
217880
217904
217912
217915
217917
217926
217928
217956
217962
217967
217971
217987
218024
218030
218048
218072
218188
218189
218199
218208
218258
218279
218283
218298
218308
218309
218312
218313
218314
218316
218317
218318
218320
218322
218325
218326
218327
218328
218329
218330
218331
218332
218335
218336
218337
218338
218341
218344
218345
218350
218352
218354
218355
218360
218361
218363
218367
218368
218369
218370
218371
218372
218374
218375
218376
218377
218378
218379
218380
218381
218382
218383
218384
218386
218387
218388
218389
218390
218391
218392
218393
218394
218395
218396
218397
218398
218399
218400
218401
218402
218403
218404
218405
218406
218407
218408
218409
218410
218411
218413
218414
218415
218416
218417
218418
218419
218421
218422
218423
218424
218425
218426
218427
218429
218430
218431
218432
218433
218434
218435
218436
218439
218441
218442
218443
218444
218445
218446
218449
218450
218451
218452
218453
218455
218456
218457
218458
218459
218462
218463
218465
218466
218467
218469
218471
218472
218473
218474
218475
218477
218481
218484
218485
218486
218487
218488
218489
218490
218492
218493
218495
218496
218497
218498
218499
218501
218502
218503
218507
218509
218510
218511
218513
218514
218515
218517
218518
218519
218520
218521
218523
218524
218525
218530
218531
218532
218533
218534
218538
218539
218546
218548
218549
218551
218553
218554
218556
218557
218558
218630
218766
218792
218815
218877
218880
218884
218895
218901
218903
218909
218911
218964
218983
219016
219030
219090
219101
219105
219140
219149
219156
219164
219167
219173
219208
219222
219244
219271
219383
219397
219405
219410
219440
219509
219512
219516
219517
219518
219522
219523
219524
219526
219532
219533
219535
219536
219537
219538
219539
219542
219543
219544
219545
219546
219547
219551
219552
219554
219556
219557
219562
219563
219564
219566
219567
219568
219569
219570
219572
219573
219575
219577
219580
219581
219583
219586
219587
219589
219590
219591
219592
219593
219597
219598
219600
219601
219603
219606
219607
219608
219609
219610
219611
219612
219613
219614
219615
219616
219618
219620
219621
219622
219624
219626
219627
219628
219631
219632
219633
219634
219635
219636
219637
219638
219641
219642
219644
219646
219649
219651
219653
219655
219656
219659
219660
219663
219666
219668
219673
219676
219677
220555
220559
220579
220582
220602
220617
220644
220749
220751
220755
220757
220759
220785
220845
220847
220848
220849
220851
220854
220855
220856
220870
221019
221021
221263
221272
221274
221280
221291
221293
221338
221354
221383
221391
221396
221410
221428
221450
221453
221456
221470
221481
221491
221504
221518
221648
221654
221659
221664
221750
221751
221760
221761
221762
221764
221766
221768
221769
221771
221772
221773
221774
221776
221778
221782
221785
221786
221787
221789
221790
221791
221792
221793
221794
221796
221797
221798
221799
221800
221802
221804
221805
221806
221808
221809
221812
221813
221815
221816
221818
221820
221821
221822
221825
221826
221828
221829
221831
221832
221833
221834
221835
221836
221837
221838
221841
221842
221843
221844
221845
221846
221848
221851
221852
221853
221854
221855
221856
221858
221859
221860
221861
221862
221863
221864
221865
221866
221868
221869
221870
221871
221873
221875
221877
221878
221880
221881
221882
221886
221889
221891
221892
221894
221895
221896
221897
221898
221900
221901
221902
221903
221904
221905
221907
221908
221909
221910
221915
221916
221917
221919
221923
221925
221927
221928
221929
221930
221931
221932
221943
221946
221952
221954
221958
221963
221968
221969
221974
221984
222039
222104
222135
222204
222214
222257
222274
222276
222288
222633
222771
222792
222841
222842
222844
222850
222851
222864
222869
222877
222895
222916
222923
222939
222956
222960
222969
222976
222984
222988
223053
223054
223061
223064
223273
223496
223497
223502
223524
223540
223599
223624
223640
223641
223644
223670
223699
223703
223705
223711
223720
223736
223739
223772
223795
223809
223823
223963
224005
224011
224012
224013
224021
224026
224047
224085
224099
224141
224156
224157
224158
224159
224161
224163
224164
224165
224166
224167
224169
224171
224172
224173
224175
224177
224183
224186
224188
224189
224190
224192
224195
224196
224197
224200
224201
224202
224204
224205
224207
224208
224210
224212
224213
224214
224215
224216
224218
224219
224220
224221
224222
224223
224225
224227
224228
224229
224231
224232
224233
224234
224235
224236
224238
224239
224240
224241
224242
224243
224244
224245
224246
224247
224248
224250
224251
224252
224253
224255
224256
224257
224258
224259
224261
224262
224266
224267
224269
224270
224272
224273
224274
224277
224278
224279
224281
224282
224284
224285
224286
224287
224288
224289
224292
224293
224294
224295
224297
224298
224302
224303
224304
224305
224306
224307
224308
224309
224310
224311
224312
224317
224318
224321
224322
224324
224325
224327
224328
224330
224331
224332
224333
224334
224336
224337
224338
224339
224340
224343
224345
224346
224347
224349
224350
224351
224352
224353
224357
224358
224359
224360
224362
224363
224366
224367
224369
224370
224376
224378
224380
224382
224383
224384
224386
224390
224394
224395
224396
224397
224403
224414
224417
224420
224422
224423
224426
224427
224431
224433
224442
224443
224532
224534
224538
224899
224903
224913
224918
224949
224957
225054
225057
225072
225076
225083
225091
225102
225126
225149
225178
225225
225239
225258
225270
225280
225303
225311
225314
225400
225541
225545
225549
225556
225561
225563
225608
225610
225622
225639
225640
225643
225644
225645
225649
225650
225652
225654
225655
225659
225660
225661
225662
225664
225666
225667
225670
225671
225672
225673
225674
225676
225677
225678
225680
225681
225682
225683
225684
225685
225688
225689
225691
225692
225693
225694
225695
225696
225697
225698
225700
225702
225703
225704
225706
225707
225708
225709
225710
225711
225712
225713
225714
225715
225716
225717
225718
225719
225720
225721
225722
225724
225725
225726
225728
225729
225730
225731
225732
225733
225734
225735
225736
225739
225741
225742
225743
225744
225745
225746
225747
225748
225749
225750
225751
225752
225753
225755
225756
225758
225759
225760
225761
225762
225763
225810
225819
225832
225834
225883
225902
225957
225964
225965
225972
225973
225975
225976
225977
225980
225981
225982
225983
225984
225985
226035
226039
226041
226044
226047
226070
226074
226077
226084
226086
226099
226100
226103
226105
226106
226108
226110
226114
226119
226124
226126
226127
226132
226240
226245
226252
226256
226261
226270
226275
226283
226289
226296
226305
226310
226316
226323
226327
226334
226337
226342
226346
226349
226350
226357
226374
226376
226381
226387
226392
226397
226402
226408
226416
226421
226430
226438
226444
226450
226456
226461
226467
226473
226477
226484
226488
226495
226501
226507
226515
226521
226525
226530
226537
226544
226550
226555
226560
226568
226574
226580
226585
226589
226593
226600
226603
226608
226613
226618
226622
226626
226628
226629
226632
226635
226641
226642
226648
226651
226659
226666
226669
226673
226676
226678
226680
226682
226684
226686
226687
226688
226689
226690
226691
226692
226693
226697
226698
226701
226704
226705
226706
226708
226709
226710
226712
226713
226715
226716
226718
226719
226721
226723
226724
226725
226726
226727
226729
226730
226731
226732
226733
226734
226735
226736
226737
226738
226739
226740
226741
226742
226743
226744
226745
226746
226747
226748
226749
226750
226752
226753
226755
226756
226757
226758
226759
226760
226761
226762
226763
226764
226765
226766
226767
226768
226771
226772
226773
226774
226775
226776
226777
226778
226779
226780
226782
226783
226784
226785
226786
226787
226788
226789
226790
226791
226792
226793
226794
226796
226797
226798
226799
226800
226801
226802
226803
226804
226805
226806
226809
226810
226812
226813
226814
226821
226822
226823
226825
226826
226827
226828
226831
226832
226833
226834
226835
226837
226838
226840
226841
226842
226844
226846
226847
226850
226851
226852
226854
226855
226856
226859
226861
226862
226863
226864
226865
226868
226870
226871
226874
226875
226876
226877
226880
226881
226882
226883
226884
226885
226886
226887
226888
226889
226891
226892
226893
226894
226898
226899
226900
226902
226903
226956
226959
226981
227147
227148
227227
227501
227589
227602
227612
227621
227655
227692
227702
227708
227808
227810
227813
227820
227821
227862
227867
227882
227936
227944
227947
227953
227954
227956
227957
227960
227961
227962
227963
227964
227969
227970
227971
227972
227974
227975
227976
227977
227978
227981
228186
228190
228193
228476
228507
228508
228517
228519
228525
228526
228561
228602
228604
228608
228653
228665
228821
228845
228849
228851
228859
228860
228865
228866
228870
228871
228874
228875
228876
228877
228878
228879
228880
228881
228882
228884
228886
228891
228894
228896
228897
228898
228900
228901
228903
228905
228907
228909
228910
228911
228912
228914
228915
228916
228917
228918
228919
228920
228922
228923
228925
228926
228927
228928
228929
228930
228931
228932
228933
228934
228935
228936
228937
228938
228939
228940
228941
228943
228944
228945
228947
228948
228949
228950
228953
228955
228957
228958
228959
228960
228962
228964
228965
228967
228968
228969
228970
228971
228972
228973
228975
228977
228978
228979
228981
228982
228984
228985
228986
228987
228988
228989
228990
228991
228992
228993
228994
228995
228997
228999
229000
229001
229002
229003
229005
229007
229008
229010
229012
229013
229015
229016
229017
229020
229024
229025
229026
229027
229028
229029
229030
229032
229033
229034
229036
229038
229041
229042
229044
229049
229050
229052
229053
229054
229055
229056
229060
229062
229064
229065
229068
229070
229071
229073
229074
229076
229078
229080
229081
229083
229084
229085
229089
229091
229093
229094
229095
229096
229097
229099
229105
229108
229111
229116
229119
229120
229121
229125
229126
229128
229129
229136
229137
229142
229529
229545
229553
229727
229731
229756
229775
229781
229795
229821
229874
229928
229936
229943
229976
230057
230071
230156
230163
230165
230176
230177
230181
230182
230183
230186
230192
230193
230194
230195
230196
230198
230202
230204
230207
230210
230214
230217
230218
230220
230221
230222
230223
230224
230225
230226
230227
230228
230229
230230
230231
230232
230233
230235
230236
230237
230238
230239
230240
230241
230243
230244
230245
230246
230459
230724
230725
230740
230761
230762
230815
230830
230831
230834
230846
230848
230859
230881
230901
230905
230948
230964
230969
230971
230972
230985
231006
231020
231033
231045
231046
231138
231147
231148
231153
231154
231156
231158
231160
231161
231163
231165
231167
231168
231170
231171
231173
231174
231176
231177
231178
231179
231180
231181
231182
231186
231187
231189
231190
231191
231192
231193
231196
231197
231199
231200
231201
231202
231203
231204
231205
231206
231207
231208
231209
231210
231211
231213
231214
231215
231216
231217
231219
231220
231221
231222
231223
231225
231227
231228
231230
231231
231232
231233
231234
231235
231237
231238
231239
231240
231241
231242
231243
231244
231245
231246
231247
231248
231250
231252
231253
231254
231255
231260
231261
231263
231264
231265
231267
231268
231269
231271
231272
231274
231275
231277
231279
231280
231281
231282
231283
231285
231286
231287
231288
231289
231290
231292
231294
231295
231297
231299
231300
231302
231303
231304
231306
231308
231309
231310
231311
231312
231313
231314
231315
231316
231317
231318
231319
231321
231322
231325
231329
231331
231334
231336
231337
231338
231346
231348
231350
231351
231354
231358
231359
231362
231370
231373
231374
231377
231382
231383
231388
231394
231396
231398
231400
231401
231404
231405
231414
231418
231428
231477
231721
231732
231735
231738
231757
232029
232058
232059
232071
232098
232112
232122
232129
232148
232275
232279
232290
232293
232296
232321
232346
232388
232406
232410
232411
232412
232413
232414
232417
232418
232420
232422
232425
232426
232429
232430
232432
232435
232436
232438
232440
232441
232443
232445
232446
232447
232448
232449
232451
232454
232455
232457
232460
232462
232463
232464
232465
232466
232468
232469
232470
232473
232474
232475
232476
232478
232479
232480
232481
232482
232483
232484
232485
232486
232487
232488
232489
232490
232491
232492
232493
232494
232495
232497
232498
232500
232501
232502
232505
232506
232507
232509
232511
232513
232514
232516
232519
232520
232521
232522
232524
232525
232526
232528
232529
232530
232531
232533
232534
232536
232537
232538
232540
232541
232542
232543
232546
232547
232549
232550
232551
232553
232554
232555
232557
232558
232559
232561
232562
232565
232566
232567
232568
232572
232574
232577
232579
232580
232582
232585
232587
232588
232589
232591
232595
232602
232603
232776
232785
232828
233480
233481
233497
233537
233546
233554
233555
233610
233631
233870
233877
233927
233930
233940
233943
234413
234438
234449
234454
234472
234491
234503
234553
234559
234560
234564
234574
234622
234645
234654
234656
234690
234748
234750
234755
234756
234757
234758
234759
234761
234764
234766
234767
234770
234771
234773
234775
235080
235122
235306
235315
235318
235321
235332
235338
235362
235389
235424
235527
235568
235575
235582
235595
235619
235664
235670
235678
235691
235692
235695
235707
235782
235788
235790
235854
235971
236018
236027
236034
236068
236102
236109
236117
236125
236128
236129
236131
236161
236196
236206
236207
236212
236220
236222
236338
236342
236424
236601
236602
236603
236604
236606
236612
236641
236644
236688
236715
236716
236722
236733
236735
236738
236780
236798
236814
237052
237069
237074
237079
237288
237289
237292
237301
237305
237339
237341
237345
237544
237548
237550
237589
237601
237612
237615
237617
237886
237892
237949
238058
238240
238347
238364
238478
238646
238650
238651
238678
238697
238698
238700
238702
238703
238761
238856
239184
239227
239231
239255
239459
239742
239760
239782
239798
239800
240043
240103
240148
240151
240358
240399
240408
240421
240432
240460
240487
240490
240500
240503
240842
240845
240847
240851
240866
240872
240889
240895
240915
240918
241211
241218
241221
241346
241355
241367
241799
241888
241938
241940
241945
242080
242200
242215
242228
242273
242309
242322
242328
242628
242635
242651
242687
242922
242928
242933
243142
243217
243427
243453
243486
243515
243518
243520
243525
243528
243529
243530
243537
243646
243655
243692
243708
243710
243711
243713
243714
244018
244031
244035
244036
244041
244054
244116
244384
244464
244516
244544
244550
244554
244671
244672
244674
244736
244799
244830
244839
244851
244854
244855
244874
244891
244894
244906
244908
244994
244996
244999
245000
245001
245002
245003
245191
245207
245245
245256
245584
245590
245656
245673
245704
245715
245724
245735
246058
246087
246110
246224
246230
246243
246551
246560
246574
246682
246944
246955
247008
247015
247061
247078
247111
247112
247113
247115
247116
247151
247157
247169
247172
247187
247234
247241
247284
247287
247288
247290
247291
247364
247461
247462
247463
247541
247551
247619
247670
247721
247723
247819
247837
247845
247850
247952
247955
247956
248025
248045
248046
248060
248062
248083
248125
248135
248179
248180
248209
248233
248241
248242
248245
248260
248322
248362
248368
248430
248463
248464
248465
248539
248582
248594
248609
248624
248670
248682
248781
248896
248920
248951
248952
248953
248955
248984
249016
249106
249107
249108
249110
249120
249136
249140
249141
249143
249144
249145
249148
249152
249153
249157
249158
249160
249161
249162
249163
249164
249165
249168
249169
249171
249172
249173
249174
249175
249176
249177
249178
249179
249180
249181
249182
249183
249184
249185
249186
249187
249188
249189
249190
249193
249194
249195
249196
249197
249199
249200
249204
249205
249206
249207
249208
249209
249210
249212
249213
249214
249216
249217
249219
249220
249221
249222
249224
249226
249228
249230
249231
249232
249233
249234
249237
249239
249240
249243
249244
249245
249247
249248
249249
249250
249251
249254
249257
249258
249259
249260
249261
249263
249264
249265
249267
249268
249270
249272
249273
249275
249276
249277
249280
249281
249283
249285
249286
249287
249290
249291
249296
249297
249298
249299
249300
249303
249304
249306
249307
249308
249310
249313
249314
249315
249316
249317
249321
249323
249326
249327
249328
249330
249331
249333
249341
249440
249482
249603
249934
250080
250081
250082
250083
250084
250085
250087
250088
250090
250091
250092
250093
250198
250206
250213
250226
250238
250239
250244
250250
250374
250375
250379
250392
250393
250410
250421
250439
250485
250570
250727
250740
250747
250759
250777
250851
250854
250919
250923
250924
250946
250950
250952
250953
250959
250961
250966
250967
250968
250970
250971
250973
250975
250976
250979
250980
250981
250982
250984
250985
250986
250987
250988
250990
250992
250995
250999
251000
251002
251003
251004
251005
251007
251009
251010
251011
251012
251013
251014
251015
251016
251017
251018
251019
251020
251021
251022
251026
251029
251030
251032
251033
251034
251037
251039
251040
251041
251042
251043
251045
251046
251047
251048
251049
251050
251051
251053
251054
251055
251056
251057
251058
251059
251062
251063
251066
251068
251069
251070
251071
251072
251073
251076
251078
251079
251080
251086
251087
251089
251090
251091
251092
251095
251096
251098
251101
251102
251103
251107
251108
251110
251113
251118
251120
251123
251125
251126
251130
251133
251134
251137
251142
251184
251262
251290
251533
251546
251554
251557
251563
251566
251575
251582
251587
251590
251593
251699
251702
251721
251727
251738
251742
251752
251764
251766
251792
251802
251810
251814
251826
251829
251835
251913
251917
251992
251994
251995
251996
251998
251999
252000
252002
252011
252012
252013
252014
252022
252026
252030
252032
252035
252049
252052
252053
252060
252069
252076
252135
252253
252265
252418
252427
252434
252447
252450
252458
252465
252468
252473
252521
252523
252530
252536
252548
252552
252666
252735
252738
252865
252874
252882
252891
252915
252979
253009
253063
253073
253097
253103
253154
253155
253156
253161
253170
253175
253176
253305
253308
253309
253319
253322
253324
253325
253334
253336
253338
253349
253648
253653
253656
253658
253757
253775
253790
253792
253793
253795
253796
253797
253798
253800
253801
253802
253803
253805
253806
253808
253810
253811
253813
253815
253817
253818
253820
253821
253822
253823
253824
253825
253826
253828
253829
253831
253832
253835
253836
253838
253839
253840
253841
253842
253843
253844
253845
253847
253848
253849
253850
253851
253852
253853
253854
253855
253856
253857
253858
253859
253860
253861
253862
253863
253864
253867
253868
253869
253870
253871
253872
253873
253874
253875
253876
253877
253878
253879
253882
253883
253885
253886
253887
253888
253890
253891
253893
253894
253897
253899
253900
253901
253902
253903
253904
253905
253907
253908
253909
253910
253911
253912
253916
253918
253919
253920
253921
253922
253924
253925
253926
253927
253928
253929
253931
253933
253934
253935
253937
253939
253940
253941
253942
253943
253944
253945
253946
253947
253949
253950
253951
253954
253958
253959
253961
253967
253968
253970
253973
253975
253982
253988
253991
253994
253995
254004
254006
254007
254008
254009
254010
254013
254015
254016
254020
254022
254033
254057
254254
254255
254256
254259
254262
254267
254271
254273
254287
254302
254367
254372
254375
254498
254514
254532
254536
254537
254543
254544
254545
254547
254549
254550
254551
254555
254556
254558
254560
254566
254569
254570
254574
254576
254577
254578
254583
254584
254586
254587
254588
254589
254591
254592
254595
254596
254597
254598
254600
254601
254602
254604
254605
254607
254608
254610
254611
254612
254613
254614
254615
254616
254617
254618
254619
254620
254622
254623
254625
254627
254628
254632
254633
254636
254637
254638
254640
254641
254642
254644
254645
254646
254648
254649
254650
254651
254653
254654
254655
254656
254658
254659
254660
254661
254662
254663
254664
254667
254668
254669
254672
254673
254674
254675
254676
254677
254678
254679
254680
254684
254686
254687
254689
254690
254691
254693
254694
254696
254697
254698
254699
254701
254704
254705
254706
254709
254712
254715
254716
254717
254719
254721
254722
254723
254725
254727
254728
254729
254732
254733
254742
254743
254747
254751
254753
254755
254759
254763
254765
254778
254781
254783
254785
254789
254792
254798
254801
254802
254804
254810
254967
255109
255116
255119
255122
255139
255251
255256
255259
255261
255263
255384
255412
255414
255417
255423
255433
255434
255435
255570
255584
255589
255609
255612
255617
255620
255624
255625
255627
255630
255633
255636
255637
255644
255649
255651
255657
255659
255660
255662
255664
255666
255669
255670
255675
255680
255683
255693
255699
255702
255704
255710
255712
255713
255714
255715
255716
255717
255719
255720
255724
255725
255727
255728
255734
255735
255737
255739
255740
255742
255743
255746
255748
255752
255753
255754
255756
255757
255758
255759
255762
255764
255766
255767
255769
255770
255771
255772
255773
255774
255775
255777
255779
255780
255781
255782
255783
255784
255790
255791
255792
255793
255795
255798
255800
255802
255806
255807
255808
255809
255810
255812
255816
255817
255818
255820
255821
255825
255826
255833
255835
255838
255839
255841
255842
255843
255844
255846
255847
255852
255856
255857
255863
255864
255866
255870
255873
255876
255877
255881
255882
255883
255885
255893
255895
255964
255980
256009
256020
256165
256167
256169
256192
256199
256339
256361
256366
256368
256373
256497
256500
256504
256508
256509
256510
256514
256516
256517
256518
256519
256520
256521
256524
256526
256528
256529
256530
256531
256533
256534
256535
256536
256537
256541
256542
256543
256546
256547
256548
256550
256551
256552
256554
256555
256557
256559
256560
256561
256562
256564
256566
256567
256568
256569
256571
256572
256573
256574
256575
256576
256577
256578
256580
256581
256582
256583
256584
256585
256586
256587
256589
256590
256591
256592
256594
256595
256596
256597
256598
256599
256600
256601
256602
256603
256604
256605
256607
256608
256609
256610
256613
256614
256618
256620
256621
256622
256623
256624
256625
256627
256629
256630
256631
256632
256635
256636
256638
256640
256641
256642
256645
256647
256651
256654
256655
256657
256658
256660
256661
256662
256663
256664
256666
256667
256671
256673
256680
256681
256682
256684
256685
256686
256687
256688
256690
256691
256694
256695
256696
256699
256700
256702
256703
256705
256706
256709
256710
256712
256714
256716
256718
256719
256721
256723
256724
256728
256729
256730
256736
256737
256739
256742
256746
256752
256754
256756
256760
256765
256766
256769
256771
256774
256777
256784
256787
256789
256791
256800
256823
256961
256962
257001
257103
257112
257113
257275
257358
257364
257406
257436
257440
257462
257484
257494
257502
257539
257545
257559
257563
257576
257653
257654
257655
257657
257661
257687
257709
257735
257771
257915
257918
257921
257927
257929
257932
257935
257945
257947
257954
257957
257963
257967
258052
258126
258202
258205
258243
258597
258624
258630
258639
258656
258658
258665
258667
258693
258743
258763
258774
258775
258862
259173
259176
259178
259191
259195
259310
259311
259314
259395
259405
259787
259789
259802
259815
259890
259902
259908
259910
259912
259913
260082
260153
260167
260206
260226
260227
260228
260229
260274
260448
260456
260513
260522
260527
260530
260581
260667
260669
260670
260986
260999
261047
261051
261058
261075
261076
261083
261157
261163
261174
261176
261246
261305
261577
261595
261612
261624
261625
261646
261650
261672
261705
261764
261765
261887
261963
261993
262005
262006
262008
262009
262246
262259
262298
262300
262406
262409
262412
262462
262465
262479
262481
262554
262618
262677
262686
262690
262709
262738
262739
262742
262743
262745
262976
262993
263005
263007
263080
263129
263211
263321
263327
263330
263342
263345
263357
263360
263448
263451
263455
263456
263463
263466
263468
263475
263476
263478
263489
263494
263499
263516
263560
263562
263765
263770
263774
263780
263781
